24.298941	25.000000	496	0	596	0.000000 	 PFSize: 	 26 	 HypVol: 	 325.00000000 	 IGD: 	 0.00000000 	 GD: 	 0.00000000 	 MaxSpread: 	 50.00000000 	 DomOptimalPoints: 	 0 	0000000000000000000000000	0	1554724777
22.776014	25.000000	198	0	198	1.000000 	 PFSize: 	 26 	 HypVol: 	 325.00000000 	 IGD: 	 0.00000000 	 GD: 	 0.00000000 	 MaxSpread: 	 50.00000000 	 DomOptimalPoints: 	 0 	1111111111111111111111111	0	1554724782
22.534569	25.000000	100	0	396	0.000000 	 PFSize: 	 26 	 HypVol: 	 325.00000000 	 IGD: 	 0.00000000 	 GD: 	 0.00000000 	 MaxSpread: 	 50.00000000 	 DomOptimalPoints: 	 0 	0000000000000000000000000	0	1554724787
22.657406	25.000000	294	0	390	0.000000 	 PFSize: 	 26 	 HypVol: 	 325.00000000 	 IGD: 	 0.00000000 	 GD: 	 0.00000000 	 MaxSpread: 	 50.00000000 	 DomOptimalPoints: 	 0 	0000000000000000000000000	0	1554724792
22.821760	25.000000	198	0	198	1.000000 	 PFSize: 	 26 	 HypVol: 	 325.00000000 	 IGD: 	 0.00000000 	 GD: 	 0.00000000 	 MaxSpread: 	 50.00000000 	 DomOptimalPoints: 	 0 	1111111111111111111111111	0	1554724797
22.271332	25.000000	100	0	488	0.000000 	 PFSize: 	 26 	 HypVol: 	 325.00000000 	 IGD: 	 0.00000000 	 GD: 	 0.00000000 	 MaxSpread: 	 50.00000000 	 DomOptimalPoints: 	 0 	0000000000000000000000000	0	1554724802
23.164515	25.000000	296	0	296	1.000000 	 PFSize: 	 26 	 HypVol: 	 325.00000000 	 IGD: 	 0.00000000 	 GD: 	 0.00000000 	 MaxSpread: 	 50.00000000 	 DomOptimalPoints: 	 0 	1111111111111111111111111	0	1554724807
16.779427	25.000000	296	0	296	0.000000 	 PFSize: 	 26 	 HypVol: 	 325.00000000 	 IGD: 	 0.00000000 	 GD: 	 0.00000000 	 MaxSpread: 	 50.00000000 	 DomOptimalPoints: 	 0 	0000000000000000000000000	0	1554724812
21.956381	25.000000	98	0	388	0.000000 	 PFSize: 	 26 	 HypVol: 	 325.00000000 	 IGD: 	 0.00000000 	 GD: 	 0.00000000 	 MaxSpread: 	 50.00000000 	 DomOptimalPoints: 	 0 	0000000000000000000000000	0	1554724817
19.427586	25.000000	100	0	200	0.000000 	 PFSize: 	 26 	 HypVol: 	 325.00000000 	 IGD: 	 0.00000000 	 GD: 	 0.00000000 	 MaxSpread: 	 50.00000000 	 DomOptimalPoints: 	 0 	0000000000000000000000000	0	1554724822
22.789946	25.000000	292	0	292	0.000000 	 PFSize: 	 26 	 HypVol: 	 325.00000000 	 IGD: 	 0.00000000 	 GD: 	 0.00000000 	 MaxSpread: 	 50.00000000 	 DomOptimalPoints: 	 0 	0000000000000000000000000	0	1554724827
24.634197	25.000000	196	0	294	0.000000 	 PFSize: 	 26 	 HypVol: 	 325.00000000 	 IGD: 	 0.00000000 	 GD: 	 0.00000000 	 MaxSpread: 	 50.00000000 	 DomOptimalPoints: 	 0 	0000000000000000000000000	0	1554724832
19.328959	25.000000	296	0	396	0.000000 	 PFSize: 	 26 	 HypVol: 	 325.00000000 	 IGD: 	 0.00000000 	 GD: 	 0.00000000 	 MaxSpread: 	 50.00000000 	 DomOptimalPoints: 	 0 	0000000000000000000000000	0	1554724837
22.511446	25.000000	100	1	198	0.000000 	 PFSize: 	 26 	 HypVol: 	 325.00000000 	 IGD: 	 0.00000000 	 GD: 	 0.00000000 	 MaxSpread: 	 50.00000000 	 DomOptimalPoints: 	 0 	0000000000000000000000000	1	1554724842
22.365555	25.000000	100	0	300	0.000000 	 PFSize: 	 26 	 HypVol: 	 325.00000000 	 IGD: 	 0.00000000 	 GD: 	 0.00000000 	 MaxSpread: 	 50.00000000 	 DomOptimalPoints: 	 0 	0000000000000000000000000	0	1554724851
21.088243	25.000000	296	0	780	0.000000 	 PFSize: 	 26 	 HypVol: 	 325.00000000 	 IGD: 	 0.00000000 	 GD: 	 0.00000000 	 MaxSpread: 	 50.00000000 	 DomOptimalPoints: 	 0 	0000000000000000000000000	0	1554724856
22.594234	25.000000	196	0	196	1.000000 	 PFSize: 	 26 	 HypVol: 	 325.00000000 	 IGD: 	 0.00000000 	 GD: 	 0.00000000 	 MaxSpread: 	 50.00000000 	 DomOptimalPoints: 	 0 	1111111111111111111111111	0	1554724861
22.817518	25.000000	476	0	476	1.000000 	 PFSize: 	 26 	 HypVol: 	 325.00000000 	 IGD: 	 0.00000000 	 GD: 	 0.00000000 	 MaxSpread: 	 50.00000000 	 DomOptimalPoints: 	 0 	1111111111111111111111111	0	1554724866
20.030514	25.000000	100	0	292	0.000000 	 PFSize: 	 26 	 HypVol: 	 325.00000000 	 IGD: 	 0.00000000 	 GD: 	 0.00000000 	 MaxSpread: 	 50.00000000 	 DomOptimalPoints: 	 0 	0000000000000000000000000	0	1554724871
22.667803	25.000000	196	0	392	1.000000 	 PFSize: 	 26 	 HypVol: 	 325.00000000 	 IGD: 	 0.00000000 	 GD: 	 0.00000000 	 MaxSpread: 	 50.00000000 	 DomOptimalPoints: 	 0 	1111111111111111111111111	0	1554724876
23.913660	25.000000	298	0	398	0.000000 	 PFSize: 	 26 	 HypVol: 	 325.00000000 	 IGD: 	 0.00000000 	 GD: 	 0.00000000 	 MaxSpread: 	 50.00000000 	 DomOptimalPoints: 	 0 	0000000000000000000000000	0	1554724881
22.580795	25.000000	864	0	864	0.000000 	 PFSize: 	 26 	 HypVol: 	 325.00000000 	 IGD: 	 0.00000000 	 GD: 	 0.00000000 	 MaxSpread: 	 50.00000000 	 DomOptimalPoints: 	 0 	0000000000000000000000000	0	1554724889
22.535212	25.000000	98	0	396	0.000000 	 PFSize: 	 26 	 HypVol: 	 325.00000000 	 IGD: 	 0.00000000 	 GD: 	 0.00000000 	 MaxSpread: 	 50.00000000 	 DomOptimalPoints: 	 0 	0000000000000000000000000	0	1554724894
22.346676	25.000000	300	0	300	1.000000 	 PFSize: 	 26 	 HypVol: 	 325.00000000 	 IGD: 	 0.00000000 	 GD: 	 0.00000000 	 MaxSpread: 	 50.00000000 	 DomOptimalPoints: 	 0 	1111111111111111111111111	0	1554724899
24.560535	25.000000	490	0	588	0.000000 	 PFSize: 	 26 	 HypVol: 	 325.00000000 	 IGD: 	 0.00000000 	 GD: 	 0.00000000 	 MaxSpread: 	 50.00000000 	 DomOptimalPoints: 	 0 	0000000000000000000000000	0	1554724904
22.301008	25.000000	98	0	198	0.000000 	 PFSize: 	 26 	 HypVol: 	 325.00000000 	 IGD: 	 0.00000000 	 GD: 	 0.00000000 	 MaxSpread: 	 50.00000000 	 DomOptimalPoints: 	 0 	0000000000000000000000000	0	1554724909
24.714460	25.000000	192	0	192	1.000000 	 PFSize: 	 26 	 HypVol: 	 325.00000000 	 IGD: 	 0.00000000 	 GD: 	 0.00000000 	 MaxSpread: 	 50.00000000 	 DomOptimalPoints: 	 0 	1111111111111111111111111	0	1554724914
24.814127	25.000000	292	0	388	0.000000 	 PFSize: 	 26 	 HypVol: 	 325.00000000 	 IGD: 	 0.00000000 	 GD: 	 0.00000000 	 MaxSpread: 	 50.00000000 	 DomOptimalPoints: 	 0 	0000000000000000000000000	0	1554724919
21.965487	25.000000	98	0	198	0.000000 	 PFSize: 	 26 	 HypVol: 	 325.00000000 	 IGD: 	 0.00000000 	 GD: 	 0.00000000 	 MaxSpread: 	 50.00000000 	 DomOptimalPoints: 	 0 	0000000000000000000000000	0	1554724927
19.883715	25.000000	100	0	196	0.000000 	 PFSize: 	 26 	 HypVol: 	 325.00000000 	 IGD: 	 0.00000000 	 GD: 	 0.00000000 	 MaxSpread: 	 50.00000000 	 DomOptimalPoints: 	 0 	0000000000000000000000000	0	1554724932
19.477451	25.000000	196	0	196	0.000000 	 PFSize: 	 26 	 HypVol: 	 325.00000000 	 IGD: 	 0.00000000 	 GD: 	 0.00000000 	 MaxSpread: 	 50.00000000 	 DomOptimalPoints: 	 0 	0000000000000000000000000	1	1554724937
23.355831	25.000000	960	0	960	0.000000 	 PFSize: 	 26 	 HypVol: 	 325.00000000 	 IGD: 	 0.00000000 	 GD: 	 0.00000000 	 MaxSpread: 	 50.00000000 	 DomOptimalPoints: 	 0 	0000000000000000000000000	0	1554724943
21.964577	25.000000	298	0	590	0.000000 	 PFSize: 	 26 	 HypVol: 	 325.00000000 	 IGD: 	 0.00000000 	 GD: 	 0.00000000 	 MaxSpread: 	 50.00000000 	 DomOptimalPoints: 	 0 	0000000000000000000000000	0	1554724948
18.426592	25.000000	98	0	298	0.000000 	 PFSize: 	 26 	 HypVol: 	 325.00000000 	 IGD: 	 0.00000000 	 GD: 	 0.00000000 	 MaxSpread: 	 50.00000000 	 DomOptimalPoints: 	 0 	0000000000000000000000000	0	1554724953
22.383446	25.000000	96	0	196	0.000000 	 PFSize: 	 26 	 HypVol: 	 325.00000000 	 IGD: 	 0.00000000 	 GD: 	 0.00000000 	 MaxSpread: 	 50.00000000 	 DomOptimalPoints: 	 0 	0000000000000000000000000	0	1554724958
21.899809	25.000000	290	0	290	1.000000 	 PFSize: 	 26 	 HypVol: 	 325.00000000 	 IGD: 	 0.00000000 	 GD: 	 0.00000000 	 MaxSpread: 	 50.00000000 	 DomOptimalPoints: 	 0 	1111111111111111111111111	0	1554724966
16.422459	25.000000	292	0	390	0.000000 	 PFSize: 	 26 	 HypVol: 	 325.00000000 	 IGD: 	 0.00000000 	 GD: 	 0.00000000 	 MaxSpread: 	 50.00000000 	 DomOptimalPoints: 	 0 	0000000000000000000000000	0	1554724971
22.082861	25.000000	94	0	290	0.000000 	 PFSize: 	 26 	 HypVol: 	 325.00000000 	 IGD: 	 0.00000000 	 GD: 	 0.00000000 	 MaxSpread: 	 50.00000000 	 DomOptimalPoints: 	 0 	0000000000000000000000000	0	1554724976
20.336430	25.000000	96	0	196	0.000000 	 PFSize: 	 26 	 HypVol: 	 325.00000000 	 IGD: 	 0.00000000 	 GD: 	 0.00000000 	 MaxSpread: 	 50.00000000 	 DomOptimalPoints: 	 0 	0000000000000000000000000	0	1554724981
22.189053	25.000000	370	0	470	1.000000 	 PFSize: 	 26 	 HypVol: 	 325.00000000 	 IGD: 	 0.00000000 	 GD: 	 0.00000000 	 MaxSpread: 	 50.00000000 	 DomOptimalPoints: 	 0 	1111111111111111111111111	0	1554724986
21.783913	25.000000	100	0	200	0.000000 	 PFSize: 	 26 	 HypVol: 	 325.00000000 	 IGD: 	 0.00000000 	 GD: 	 0.00000000 	 MaxSpread: 	 50.00000000 	 DomOptimalPoints: 	 0 	0000000000000000000000000	0	1554724991
19.576368	25.000000	100	0	200	0.000000 	 PFSize: 	 26 	 HypVol: 	 325.00000000 	 IGD: 	 0.00000000 	 GD: 	 0.00000000 	 MaxSpread: 	 50.00000000 	 DomOptimalPoints: 	 0 	0000000000000000000000000	0	1554724996
22.159800	25.000000	200	0	792	1.000000 	 PFSize: 	 26 	 HypVol: 	 325.00000000 	 IGD: 	 0.00000000 	 GD: 	 0.00000000 	 MaxSpread: 	 50.00000000 	 DomOptimalPoints: 	 0 	1111111111111111111111111	0	1554725004
21.347269	25.000000	100	0	286	0.000000 	 PFSize: 	 26 	 HypVol: 	 325.00000000 	 IGD: 	 0.00000000 	 GD: 	 0.00000000 	 MaxSpread: 	 50.00000000 	 DomOptimalPoints: 	 0 	0000000000000000000000000	0	1554725009
19.819916	25.000000	688	0	688	1.000000 	 PFSize: 	 26 	 HypVol: 	 325.00000000 	 IGD: 	 0.00000000 	 GD: 	 0.00000000 	 MaxSpread: 	 50.00000000 	 DomOptimalPoints: 	 0 	1111111111111111111111111	0	1554725014
22.313286	25.000000	198	0	296	1.000000 	 PFSize: 	 26 	 HypVol: 	 325.00000000 	 IGD: 	 0.00000000 	 GD: 	 0.00000000 	 MaxSpread: 	 50.00000000 	 DomOptimalPoints: 	 0 	1111111111111111111111111	0	1554725019
20.896143	25.000000	100	0	498	0.000000 	 PFSize: 	 26 	 HypVol: 	 325.00000000 	 IGD: 	 0.00000000 	 GD: 	 0.00000000 	 MaxSpread: 	 50.00000000 	 DomOptimalPoints: 	 0 	0000000000000000000000000	0	1554725024
19.523916	25.000000	392	1	392	1.000000 	 PFSize: 	 26 	 HypVol: 	 325.00000000 	 IGD: 	 0.00000000 	 GD: 	 0.00000000 	 MaxSpread: 	 50.00000000 	 DomOptimalPoints: 	 0 	1111111111111111111111111	1	1554725029
15.892707	25.000000	100	0	298	0.000000 	 PFSize: 	 26 	 HypVol: 	 325.00000000 	 IGD: 	 0.00000000 	 GD: 	 0.00000000 	 MaxSpread: 	 50.00000000 	 DomOptimalPoints: 	 0 	0000000000000000000000000	0	1554725035
23.629789	25.000000	192	0	384	0.000000 	 PFSize: 	 26 	 HypVol: 	 325.00000000 	 IGD: 	 0.00000000 	 GD: 	 0.00000000 	 MaxSpread: 	 50.00000000 	 DomOptimalPoints: 	 0 	0000000000000000000000000	0	1554725043
39.852940	50.000000	200	0	396	0.000000 	 PFSize: 	 51 	 HypVol: 	 1275.00000000 	 IGD: 	 0.00000000 	 GD: 	 0.00000000 	 MaxSpread: 	 100.00000000 	 DomOptimalPoints: 	 0 	00000000000000000000000000000000000000000000000000	0	1554725048
42.778336	50.000000	396	0	592	1.000000 	 PFSize: 	 51 	 HypVol: 	 1275.00000000 	 IGD: 	 0.00000000 	 GD: 	 0.00000000 	 MaxSpread: 	 100.00000000 	 DomOptimalPoints: 	 0 	11111111111111111111111111111111111111111111111111	0	1554725053
43.064735	50.000000	200	0	598	0.000000 	 PFSize: 	 51 	 HypVol: 	 1275.00000000 	 IGD: 	 0.00000000 	 GD: 	 0.00000000 	 MaxSpread: 	 100.00000000 	 DomOptimalPoints: 	 0 	00000000000000000000000000000000000000000000000000	0	1554725058
38.159382	50.000000	200	0	398	0.000000 	 PFSize: 	 51 	 HypVol: 	 1275.00000000 	 IGD: 	 0.00000000 	 GD: 	 0.00000000 	 MaxSpread: 	 100.00000000 	 DomOptimalPoints: 	 0 	00000000000000000000000000000000000000000000000000	0	1554725063
43.593399	50.000000	392	0	790	1.000000 	 PFSize: 	 51 	 HypVol: 	 1275.00000000 	 IGD: 	 0.00000000 	 GD: 	 0.00000000 	 MaxSpread: 	 100.00000000 	 DomOptimalPoints: 	 0 	11111111111111111111111111111111111111111111111111	0	1554725068
47.444336	50.000000	1388	0	1388	1.000000 	 PFSize: 	 51 	 HypVol: 	 1275.00000000 	 IGD: 	 0.00000000 	 GD: 	 0.00000000 	 MaxSpread: 	 100.00000000 	 DomOptimalPoints: 	 0 	11111111111111111111111111111111111111111111111111	0	1554725073
35.291550	50.000000	184	0	578	0.000000 	 PFSize: 	 51 	 HypVol: 	 1275.00000000 	 IGD: 	 0.00000000 	 GD: 	 0.00000000 	 MaxSpread: 	 100.00000000 	 DomOptimalPoints: 	 0 	00000000000000000000000000000000000000000000000000	0	1554725081
44.158722	50.000000	200	0	994	0.000000 	 PFSize: 	 51 	 HypVol: 	 1275.00000000 	 IGD: 	 0.00000000 	 GD: 	 0.00000000 	 MaxSpread: 	 100.00000000 	 DomOptimalPoints: 	 0 	00000000000000000000000000000000000000000000000000	0	1554725086
41.203846	50.000000	396	0	788	0.000000 	 PFSize: 	 51 	 HypVol: 	 1275.00000000 	 IGD: 	 0.00000000 	 GD: 	 0.00000000 	 MaxSpread: 	 100.00000000 	 DomOptimalPoints: 	 0 	00000000000000000000000000000000000000000000000000	0	1554725091
31.695311	50.000000	200	0	400	0.000000 	 PFSize: 	 51 	 HypVol: 	 1275.00000000 	 IGD: 	 0.00000000 	 GD: 	 0.00000000 	 MaxSpread: 	 100.00000000 	 DomOptimalPoints: 	 0 	00000000000000000000000000000000000000000000000000	0	1554725096
43.616692	50.000000	200	0	400	0.000000 	 PFSize: 	 51 	 HypVol: 	 1275.00000000 	 IGD: 	 0.00000000 	 GD: 	 0.00000000 	 MaxSpread: 	 100.00000000 	 DomOptimalPoints: 	 0 	00000000000000000000000000000000000000000000000000	0	1554725101
49.460194	50.000000	398	0	398	1.000000 	 PFSize: 	 51 	 HypVol: 	 1275.00000000 	 IGD: 	 0.00000000 	 GD: 	 0.00000000 	 MaxSpread: 	 100.00000000 	 DomOptimalPoints: 	 0 	11111111111111111111111111111111111111111111111111	0	1554725106
42.756226	50.000000	390	0	982	0.000000 	 PFSize: 	 51 	 HypVol: 	 1275.00000000 	 IGD: 	 0.00000000 	 GD: 	 0.00000000 	 MaxSpread: 	 100.00000000 	 DomOptimalPoints: 	 0 	00000000000000000000000000000000000000000000000000	0	1554725111
42.839951	50.000000	194	1	580	0.000000 	 PFSize: 	 51 	 HypVol: 	 1275.00000000 	 IGD: 	 0.00000000 	 GD: 	 0.00000000 	 MaxSpread: 	 100.00000000 	 DomOptimalPoints: 	 0 	00000000000000000000000000000000000000000000000000	1	1554725119
42.542500	50.000000	198	0	594	0.000000 	 PFSize: 	 51 	 HypVol: 	 1275.00000000 	 IGD: 	 0.00000000 	 GD: 	 0.00000000 	 MaxSpread: 	 100.00000000 	 DomOptimalPoints: 	 0 	00000000000000000000000000000000000000000000000000	0	1554725125
37.098457	50.000000	200	0	794	0.000000 	 PFSize: 	 51 	 HypVol: 	 1275.00000000 	 IGD: 	 0.00000000 	 GD: 	 0.00000000 	 MaxSpread: 	 100.00000000 	 DomOptimalPoints: 	 0 	00000000000000000000000000000000000000000000000000	0	1554725130
46.824341	50.000000	196	0	396	1.000000 	 PFSize: 	 51 	 HypVol: 	 1275.00000000 	 IGD: 	 0.00000000 	 GD: 	 0.00000000 	 MaxSpread: 	 100.00000000 	 DomOptimalPoints: 	 0 	11111111111111111111111111111111111111111111111111	0	1554725135
41.696087	50.000000	200	0	782	0.000000 	 PFSize: 	 51 	 HypVol: 	 1275.00000000 	 IGD: 	 0.00000000 	 GD: 	 0.00000000 	 MaxSpread: 	 100.00000000 	 DomOptimalPoints: 	 0 	00000000000000000000000000000000000000000000000000	0	1554725140
34.507145	50.000000	200	0	400	0.000000 	 PFSize: 	 51 	 HypVol: 	 1275.00000000 	 IGD: 	 0.00000000 	 GD: 	 0.00000000 	 MaxSpread: 	 100.00000000 	 DomOptimalPoints: 	 0 	00000000000000000000000000000000000000000000000000	0	1554725145
43.854088	50.000000	200	0	590	0.000000 	 PFSize: 	 51 	 HypVol: 	 1275.00000000 	 IGD: 	 0.00000000 	 GD: 	 0.00000000 	 MaxSpread: 	 100.00000000 	 DomOptimalPoints: 	 0 	00000000000000000000000000000000000000000000000000	0	1554725150
40.424679	50.000000	196	0	396	0.000000 	 PFSize: 	 51 	 HypVol: 	 1275.00000000 	 IGD: 	 0.00000000 	 GD: 	 0.00000000 	 MaxSpread: 	 100.00000000 	 DomOptimalPoints: 	 0 	00000000000000000000000000000000000000000000000000	0	1554725158
32.523132	50.000000	400	0	594	0.000000 	 PFSize: 	 51 	 HypVol: 	 1275.00000000 	 IGD: 	 0.00000000 	 GD: 	 0.00000000 	 MaxSpread: 	 100.00000000 	 DomOptimalPoints: 	 0 	00000000000000000000000000000000000000000000000000	0	1554725163
43.162922	50.000000	200	0	600	0.000000 	 PFSize: 	 51 	 HypVol: 	 1275.00000000 	 IGD: 	 0.00000000 	 GD: 	 0.00000000 	 MaxSpread: 	 100.00000000 	 DomOptimalPoints: 	 0 	00000000000000000000000000000000000000000000000000	0	1554725168
40.814438	50.000000	386	0	386	1.000000 	 PFSize: 	 51 	 HypVol: 	 1275.00000000 	 IGD: 	 0.00000000 	 GD: 	 0.00000000 	 MaxSpread: 	 100.00000000 	 DomOptimalPoints: 	 0 	11111111111111111111111111111111111111111111111111	0	1554725173
28.896658	50.000000	394	0	394	0.000000 	 PFSize: 	 51 	 HypVol: 	 1275.00000000 	 IGD: 	 0.00000000 	 GD: 	 0.00000000 	 MaxSpread: 	 100.00000000 	 DomOptimalPoints: 	 0 	00000000000000000000000000000000000000000000000000	0	1554725178
42.475227	50.000000	200	0	800	0.000000 	 PFSize: 	 51 	 HypVol: 	 1275.00000000 	 IGD: 	 0.00000000 	 GD: 	 0.00000000 	 MaxSpread: 	 100.00000000 	 DomOptimalPoints: 	 0 	00000000000000000000000000000000000000000000000000	0	1554725183
42.232166	50.000000	986	0	1384	0.000000 	 PFSize: 	 51 	 HypVol: 	 1275.00000000 	 IGD: 	 0.00000000 	 GD: 	 0.00000000 	 MaxSpread: 	 100.00000000 	 DomOptimalPoints: 	 0 	00000000000000000000000000000000000000000000000000	0	1554725188
44.205364	50.000000	196	0	594	1.000000 	 PFSize: 	 51 	 HypVol: 	 1275.00000000 	 IGD: 	 0.00000000 	 GD: 	 0.00000000 	 MaxSpread: 	 100.00000000 	 DomOptimalPoints: 	 0 	11111111111111111111111111111111111111111111111111	0	1554725196
41.470406	50.000000	198	0	794	0.000000 	 PFSize: 	 51 	 HypVol: 	 1275.00000000 	 IGD: 	 0.00000000 	 GD: 	 0.00000000 	 MaxSpread: 	 100.00000000 	 DomOptimalPoints: 	 0 	00000000000000000000000000000000000000000000000000	0	1554725201
41.079727	50.000000	196	0	392	0.000000 	 PFSize: 	 51 	 HypVol: 	 1275.00000000 	 IGD: 	 0.00000000 	 GD: 	 0.00000000 	 MaxSpread: 	 100.00000000 	 DomOptimalPoints: 	 0 	00000000000000000000000000000000000000000000000000	0	1554725207
41.353329	50.000000	400	0	996	0.000000 	 PFSize: 	 51 	 HypVol: 	 1275.00000000 	 IGD: 	 0.00000000 	 GD: 	 0.00000000 	 MaxSpread: 	 100.00000000 	 DomOptimalPoints: 	 0 	00000000000000000000000000000000000000000000000000	0	1554725212
43.437611	50.000000	198	0	398	0.000000 	 PFSize: 	 51 	 HypVol: 	 1275.00000000 	 IGD: 	 0.00000000 	 GD: 	 0.00000000 	 MaxSpread: 	 100.00000000 	 DomOptimalPoints: 	 0 	00000000000000000000000000000000000000000000000000	0	1554725217
39.949097	50.000000	200	0	398	0.000000 	 PFSize: 	 51 	 HypVol: 	 1275.00000000 	 IGD: 	 0.00000000 	 GD: 	 0.00000000 	 MaxSpread: 	 100.00000000 	 DomOptimalPoints: 	 0 	00000000000000000000000000000000000000000000000000	0	1554725222
35.504780	50.000000	592	0	1386	1.000000 	 PFSize: 	 51 	 HypVol: 	 1275.00000000 	 IGD: 	 0.00000000 	 GD: 	 0.00000000 	 MaxSpread: 	 100.00000000 	 DomOptimalPoints: 	 0 	11111111111111111111111111111111111111111111111111	0	1554725227
42.693359	50.000000	198	0	598	0.000000 	 PFSize: 	 51 	 HypVol: 	 1275.00000000 	 IGD: 	 0.00000000 	 GD: 	 0.00000000 	 MaxSpread: 	 100.00000000 	 DomOptimalPoints: 	 0 	00000000000000000000000000000000000000000000000000	0	1554725235
38.196926	50.000000	200	0	394	0.000000 	 PFSize: 	 51 	 HypVol: 	 1275.00000000 	 IGD: 	 0.00000000 	 GD: 	 0.00000000 	 MaxSpread: 	 100.00000000 	 DomOptimalPoints: 	 0 	00000000000000000000000000000000000000000000000000	0	1554725240
33.910034	50.000000	398	0	792	1.000000 	 PFSize: 	 51 	 HypVol: 	 1275.00000000 	 IGD: 	 0.00000000 	 GD: 	 0.00000000 	 MaxSpread: 	 100.00000000 	 DomOptimalPoints: 	 0 	11111111111111111111111111111111111111111111111111	0	1554725245
41.950577	50.000000	198	0	390	0.000000 	 PFSize: 	 51 	 HypVol: 	 1275.00000000 	 IGD: 	 0.00000000 	 GD: 	 0.00000000 	 MaxSpread: 	 100.00000000 	 DomOptimalPoints: 	 0 	00000000000000000000000000000000000000000000000000	0	1554725250
36.243435	50.000000	198	0	588	0.000000 	 PFSize: 	 51 	 HypVol: 	 1275.00000000 	 IGD: 	 0.00000000 	 GD: 	 0.00000000 	 MaxSpread: 	 100.00000000 	 DomOptimalPoints: 	 0 	00000000000000000000000000000000000000000000000000	0	1554725255
46.492462	50.000000	190	0	584	1.000000 	 PFSize: 	 51 	 HypVol: 	 1275.00000000 	 IGD: 	 0.00000000 	 GD: 	 0.00000000 	 MaxSpread: 	 100.00000000 	 DomOptimalPoints: 	 0 	11111111111111111111111111111111111111111111111111	0	1554725260
45.765614	50.000000	392	0	982	0.000000 	 PFSize: 	 51 	 HypVol: 	 1275.00000000 	 IGD: 	 0.00000000 	 GD: 	 0.00000000 	 MaxSpread: 	 100.00000000 	 DomOptimalPoints: 	 0 	00000000000000000000000000000000000000000000000000	0	1554725265
48.210587	50.000000	1390	0	1390	1.000000 	 PFSize: 	 51 	 HypVol: 	 1275.00000000 	 IGD: 	 0.00000000 	 GD: 	 0.00000000 	 MaxSpread: 	 100.00000000 	 DomOptimalPoints: 	 0 	11111111111111111111111111111111111111111111111111	0	1554725273
49.203163	50.000000	590	0	790	0.000000 	 PFSize: 	 51 	 HypVol: 	 1275.00000000 	 IGD: 	 0.00000000 	 GD: 	 0.00000000 	 MaxSpread: 	 100.00000000 	 DomOptimalPoints: 	 0 	00000000000000000000000000000000000000000000000000	0	1554725278
43.390488	50.000000	788	0	788	0.000000 	 PFSize: 	 51 	 HypVol: 	 1275.00000000 	 IGD: 	 0.00000000 	 GD: 	 0.00000000 	 MaxSpread: 	 100.00000000 	 DomOptimalPoints: 	 0 	00000000000000000000000000000000000000000000000000	0	1554725283
40.889309	50.000000	580	0	780	0.000000 	 PFSize: 	 51 	 HypVol: 	 1275.00000000 	 IGD: 	 0.00000000 	 GD: 	 0.00000000 	 MaxSpread: 	 100.00000000 	 DomOptimalPoints: 	 0 	00000000000000000000000000000000000000000000000000	0	1554725288
46.672379	50.000000	392	0	392	1.000000 	 PFSize: 	 51 	 HypVol: 	 1275.00000000 	 IGD: 	 0.00000000 	 GD: 	 0.00000000 	 MaxSpread: 	 100.00000000 	 DomOptimalPoints: 	 0 	11111111111111111111111111111111111111111111111111	0	1554725294
48.601784	50.000000	592	0	790	1.000000 	 PFSize: 	 51 	 HypVol: 	 1275.00000000 	 IGD: 	 0.00000000 	 GD: 	 0.00000000 	 MaxSpread: 	 100.00000000 	 DomOptimalPoints: 	 0 	11111111111111111111111111111111111111111111111111	0	1554725299
44.728058	50.000000	788	0	1386	0.000000 	 PFSize: 	 51 	 HypVol: 	 1275.00000000 	 IGD: 	 0.00000000 	 GD: 	 0.00000000 	 MaxSpread: 	 100.00000000 	 DomOptimalPoints: 	 0 	00000000000000000000000000000000000000000000000000	0	1554725304
35.582401	50.000000	400	0	790	1.000000 	 PFSize: 	 51 	 HypVol: 	 1275.00000000 	 IGD: 	 0.00000000 	 GD: 	 0.00000000 	 MaxSpread: 	 100.00000000 	 DomOptimalPoints: 	 0 	11111111111111111111111111111111111111111111111111	0	1554725312
41.405914	50.000000	200	0	594	0.000000 	 PFSize: 	 51 	 HypVol: 	 1275.00000000 	 IGD: 	 0.00000000 	 GD: 	 0.00000000 	 MaxSpread: 	 100.00000000 	 DomOptimalPoints: 	 0 	00000000000000000000000000000000000000000000000000	0	1554725317
81.092537	100.000000	782	0	1180	0.000000 	 PFSize: 	 101 	 HypVol: 	 5050.00000000 	 IGD: 	 0.00000000 	 GD: 	 0.00000000 	 MaxSpread: 	 200.00000000 	 DomOptimalPoints: 	 0 	0000000000000000000000000000000000000000000000000000000000000000000000000000000000000000000000000000	0	1554725322
86.981293	100.000000	400	0	1192	0.000000 	 PFSize: 	 101 	 HypVol: 	 5050.00000000 	 IGD: 	 0.00000000 	 GD: 	 0.00000000 	 MaxSpread: 	 200.00000000 	 DomOptimalPoints: 	 0 	0000000000000000000000000000000000000000000000000000000000000000000000000000000000000000000000000000	0	1554725327
99.385490	100.000000	1196	0	1590	0.000000 	 PFSize: 	 101 	 HypVol: 	 5050.00000000 	 IGD: 	 0.00000000 	 GD: 	 0.00000000 	 MaxSpread: 	 200.00000000 	 DomOptimalPoints: 	 0 	0000000000000000000000000000000000000000000000000000000000000000000000000000000000000000000000000000	0	1554725332
66.443848	100.000000	792	0	1190	0.000000 	 PFSize: 	 101 	 HypVol: 	 5050.00000000 	 IGD: 	 0.00000000 	 GD: 	 0.00000000 	 MaxSpread: 	 200.00000000 	 DomOptimalPoints: 	 0 	0000000000000000000000000000000000000000000000000000000000000000000000000000000000000000000000000000	0	1554725337
86.394386	100.000000	796	0	1594	0.000000 	 PFSize: 	 101 	 HypVol: 	 5050.00000000 	 IGD: 	 0.00000000 	 GD: 	 0.00000000 	 MaxSpread: 	 200.00000000 	 DomOptimalPoints: 	 0 	0000000000000000000000000000000000000000000000000000000000000000000000000000000000000000000000000000	0	1554725342
83.860153	100.000000	1198	0	1198	1.000000 	 PFSize: 	 101 	 HypVol: 	 5050.00000000 	 IGD: 	 0.00000000 	 GD: 	 0.00000000 	 MaxSpread: 	 200.00000000 	 DomOptimalPoints: 	 0 	1111111111111111111111111111111111111111111111111111111111111111111111111111111111111111111111111111	0	1554725350
86.299072	100.000000	1588	0	1588	1.000000 	 PFSize: 	 101 	 HypVol: 	 5050.00000000 	 IGD: 	 0.00000000 	 GD: 	 0.00000000 	 MaxSpread: 	 200.00000000 	 DomOptimalPoints: 	 0 	1111111111111111111111111111111111111111111111111111111111111111111111111111111111111111111111111111	0	1554725355
84.312233	100.000000	398	0	798	0.000000 	 PFSize: 	 101 	 HypVol: 	 5050.00000000 	 IGD: 	 0.00000000 	 GD: 	 0.00000000 	 MaxSpread: 	 200.00000000 	 DomOptimalPoints: 	 0 	0000000000000000000000000000000000000000000000000000000000000000000000000000000000000000000000000000	0	1554725360
74.890091	100.000000	400	0	796	0.000000 	 PFSize: 	 101 	 HypVol: 	 5050.00000000 	 IGD: 	 0.00000000 	 GD: 	 0.00000000 	 MaxSpread: 	 200.00000000 	 DomOptimalPoints: 	 0 	0000000000000000000000000000000000000000000000000000000000000000000000000000000000000000000000000000	0	1554725365
73.568710	100.000000	796	0	796	0.000000 	 PFSize: 	 101 	 HypVol: 	 5050.00000000 	 IGD: 	 0.00000000 	 GD: 	 0.00000000 	 MaxSpread: 	 200.00000000 	 DomOptimalPoints: 	 0 	0000000000000000000000000000000000000000000000000000000000000000000000000000000000000000000000000000	0	1554725370
93.205757	100.000000	800	0	1200	0.000000 	 PFSize: 	 101 	 HypVol: 	 5050.00000000 	 IGD: 	 0.00000000 	 GD: 	 0.00000000 	 MaxSpread: 	 200.00000000 	 DomOptimalPoints: 	 0 	0000000000000000000000000000000000000000000000000000000000000000000000000000000000000000000000000000	0	1554725375
82.051834	100.000000	400	0	2796	0.000000 	 PFSize: 	 101 	 HypVol: 	 5050.00000000 	 IGD: 	 0.00000000 	 GD: 	 0.00000000 	 MaxSpread: 	 200.00000000 	 DomOptimalPoints: 	 0 	0000000000000000000000000000000000000000000000000000000000000000000000000000000000000000000000000000	0	1554725381
67.820709	100.000000	392	0	1190	0.000000 	 PFSize: 	 101 	 HypVol: 	 5050.00000000 	 IGD: 	 0.00000000 	 GD: 	 0.00000000 	 MaxSpread: 	 200.00000000 	 DomOptimalPoints: 	 0 	0000000000000000000000000000000000000000000000000000000000000000000000000000000000000000000000000000	0	1554725389
86.194580	100.000000	400	0	1194	0.000000 	 PFSize: 	 101 	 HypVol: 	 5050.00000000 	 IGD: 	 0.00000000 	 GD: 	 0.00000000 	 MaxSpread: 	 200.00000000 	 DomOptimalPoints: 	 0 	0000000000000000000000000000000000000000000000000000000000000000000000000000000000000000000000000000	0	1554725394
98.744507	100.000000	1194	0	1990	1.000000 	 PFSize: 	 101 	 HypVol: 	 5050.00000000 	 IGD: 	 0.00000000 	 GD: 	 0.00000000 	 MaxSpread: 	 200.00000000 	 DomOptimalPoints: 	 0 	1111111111111111111111111111111111111111111111111111111111111111111111111111111111111111111111111111	0	1554725399
61.155575	100.000000	400	0	800	0.000000 	 PFSize: 	 101 	 HypVol: 	 5050.00000000 	 IGD: 	 0.00000000 	 GD: 	 0.00000000 	 MaxSpread: 	 200.00000000 	 DomOptimalPoints: 	 0 	0000000000000000000000000000000000000000000000000000000000000000000000000000000000000000000000000000	0	1554725404
95.542259	100.000000	2394	0	2394	1.000000 	 PFSize: 	 101 	 HypVol: 	 5050.00000000 	 IGD: 	 0.00000000 	 GD: 	 0.00000000 	 MaxSpread: 	 200.00000000 	 DomOptimalPoints: 	 0 	1111111111111111111111111111111111111111111111111111111111111111111111111111111111111111111111111111	0	1554725409
77.033989	100.000000	394	0	782	0.000000 	 PFSize: 	 101 	 HypVol: 	 5050.00000000 	 IGD: 	 0.00000000 	 GD: 	 0.00000000 	 MaxSpread: 	 200.00000000 	 DomOptimalPoints: 	 0 	0000000000000000000000000000000000000000000000000000000000000000000000000000000000000000000000000000	0	1554725414
98.600029	100.000000	1594	0	2382	0.000000 	 PFSize: 	 101 	 HypVol: 	 5050.00000000 	 IGD: 	 0.00000000 	 GD: 	 0.00000000 	 MaxSpread: 	 200.00000000 	 DomOptimalPoints: 	 0 	0000000000000000000000000000000000000000000000000000000000000000000000000000000000000000000000000000	0	1554725419
83.336555	100.000000	400	0	1198	0.000000 	 PFSize: 	 101 	 HypVol: 	 5050.00000000 	 IGD: 	 0.00000000 	 GD: 	 0.00000000 	 MaxSpread: 	 200.00000000 	 DomOptimalPoints: 	 0 	0000000000000000000000000000000000000000000000000000000000000000000000000000000000000000000000000000	0	1554725427
92.405907	100.000000	1980	0	2380	0.000000 	 PFSize: 	 101 	 HypVol: 	 5050.00000000 	 IGD: 	 0.00000000 	 GD: 	 0.00000000 	 MaxSpread: 	 200.00000000 	 DomOptimalPoints: 	 0 	0000000000000000000000000000000000000000000000000000000000000000000000000000000000000000000000000000	0	1554725432
91.762474	100.000000	794	0	1194	1.000000 	 PFSize: 	 101 	 HypVol: 	 5050.00000000 	 IGD: 	 0.00000000 	 GD: 	 0.00000000 	 MaxSpread: 	 200.00000000 	 DomOptimalPoints: 	 0 	1111111111111111111111111111111111111111111111111111111111111111111111111111111111111111111111111111	0	1554725437
90.587944	100.000000	1988	0	2388	1.000000 	 PFSize: 	 101 	 HypVol: 	 5050.00000000 	 IGD: 	 0.00000000 	 GD: 	 0.00000000 	 MaxSpread: 	 200.00000000 	 DomOptimalPoints: 	 0 	1111111111111111111111111111111111111111111111111111111111111111111111111111111111111111111111111111	0	1554725442
89.573952	100.000000	1988	0	1988	1.000000 	 PFSize: 	 101 	 HypVol: 	 5050.00000000 	 IGD: 	 0.00000000 	 GD: 	 0.00000000 	 MaxSpread: 	 200.00000000 	 DomOptimalPoints: 	 0 	1111111111111111111111111111111111111111111111111111111111111111111111111111111111111111111111111111	0	1554725447
86.058914	100.000000	400	0	1200	0.000000 	 PFSize: 	 101 	 HypVol: 	 5050.00000000 	 IGD: 	 0.00000000 	 GD: 	 0.00000000 	 MaxSpread: 	 200.00000000 	 DomOptimalPoints: 	 0 	0000000000000000000000000000000000000000000000000000000000000000000000000000000000000000000000000000	0	1554725452
94.592438	100.000000	1574	0	1574	1.000000 	 PFSize: 	 101 	 HypVol: 	 5050.00000000 	 IGD: 	 0.00000000 	 GD: 	 0.00000000 	 MaxSpread: 	 200.00000000 	 DomOptimalPoints: 	 0 	1111111111111111111111111111111111111111111111111111111111111111111111111111111111111111111111111111	0	1554725457
85.836998	100.000000	798	1	1598	0.000000 	 PFSize: 	 101 	 HypVol: 	 5050.00000000 	 IGD: 	 0.00000000 	 GD: 	 0.00000000 	 MaxSpread: 	 200.00000000 	 DomOptimalPoints: 	 0 	0000000000000000000000000000000000000000000000000000000000000000000000000000000000000000000000000000	1	1554725465
89.637871	100.000000	794	0	794	1.000000 	 PFSize: 	 101 	 HypVol: 	 5050.00000000 	 IGD: 	 0.00000000 	 GD: 	 0.00000000 	 MaxSpread: 	 200.00000000 	 DomOptimalPoints: 	 0 	1111111111111111111111111111111111111111111111111111111111111111111111111111111111111111111111111111	0	1554725471
87.513535	100.000000	790	0	1190	0.000000 	 PFSize: 	 101 	 HypVol: 	 5050.00000000 	 IGD: 	 0.00000000 	 GD: 	 0.00000000 	 MaxSpread: 	 200.00000000 	 DomOptimalPoints: 	 0 	0000000000000000000000000000000000000000000000000000000000000000000000000000000000000000000000000000	0	1554725476
75.470230	100.000000	396	0	796	0.000000 	 PFSize: 	 101 	 HypVol: 	 5050.00000000 	 IGD: 	 0.00000000 	 GD: 	 0.00000000 	 MaxSpread: 	 200.00000000 	 DomOptimalPoints: 	 0 	0000000000000000000000000000000000000000000000000000000000000000000000000000000000000000000000000000	0	1554725481
90.404541	100.000000	796	0	1596	1.000000 	 PFSize: 	 101 	 HypVol: 	 5050.00000000 	 IGD: 	 0.00000000 	 GD: 	 0.00000000 	 MaxSpread: 	 200.00000000 	 DomOptimalPoints: 	 0 	1111111111111111111111111111111111111111111111111111111111111111111111111111111111111111111111111111	0	1554725486
82.651314	100.000000	400	0	2400	0.000000 	 PFSize: 	 101 	 HypVol: 	 5050.00000000 	 IGD: 	 0.00000000 	 GD: 	 0.00000000 	 MaxSpread: 	 200.00000000 	 DomOptimalPoints: 	 0 	0000000000000000000000000000000000000000000000000000000000000000000000000000000000000000000000000000	0	1554725491
98.660477	100.000000	800	0	2000	0.000000 	 PFSize: 	 101 	 HypVol: 	 5050.00000000 	 IGD: 	 0.00000000 	 GD: 	 0.00000000 	 MaxSpread: 	 200.00000000 	 DomOptimalPoints: 	 0 	0000000000000000000000000000000000000000000000000000000000000000000000000000000000000000000000000000	0	1554725496
79.834740	100.000000	1190	0	1190	0.000000 	 PFSize: 	 101 	 HypVol: 	 5050.00000000 	 IGD: 	 0.00000000 	 GD: 	 0.00000000 	 MaxSpread: 	 200.00000000 	 DomOptimalPoints: 	 0 	0000000000000000000000000000000000000000000000000000000000000000000000000000000000000000000000000000	0	1554725504
91.099525	100.000000	794	0	1192	0.000000 	 PFSize: 	 101 	 HypVol: 	 5050.00000000 	 IGD: 	 0.00000000 	 GD: 	 0.00000000 	 MaxSpread: 	 200.00000000 	 DomOptimalPoints: 	 0 	0000000000000000000000000000000000000000000000000000000000000000000000000000000000000000000000000000	0	1554725509
72.598007	100.000000	1196	0	1196	0.000000 	 PFSize: 	 101 	 HypVol: 	 5050.00000000 	 IGD: 	 0.00000000 	 GD: 	 0.00000000 	 MaxSpread: 	 200.00000000 	 DomOptimalPoints: 	 0 	0000000000000000000000000000000000000000000000000000000000000000000000000000000000000000000000000000	0	1554725514
85.271233	100.000000	400	0	3580	0.000000 	 PFSize: 	 101 	 HypVol: 	 5050.00000000 	 IGD: 	 0.00000000 	 GD: 	 0.00000000 	 MaxSpread: 	 200.00000000 	 DomOptimalPoints: 	 0 	0000000000000000000000000000000000000000000000000000000000000000000000000000000000000000000000000000	0	1554725519
95.155502	100.000000	1600	0	1600	1.000000 	 PFSize: 	 101 	 HypVol: 	 5050.00000000 	 IGD: 	 0.00000000 	 GD: 	 0.00000000 	 MaxSpread: 	 200.00000000 	 DomOptimalPoints: 	 0 	1111111111111111111111111111111111111111111111111111111111111111111111111111111111111111111111111111	0	1554725524
61.031750	100.000000	800	0	800	1.000000 	 PFSize: 	 101 	 HypVol: 	 5050.00000000 	 IGD: 	 0.00000000 	 GD: 	 0.00000000 	 MaxSpread: 	 200.00000000 	 DomOptimalPoints: 	 0 	1111111111111111111111111111111111111111111111111111111111111111111111111111111111111111111111111111	0	1554725529
84.037018	100.000000	396	0	796	0.000000 	 PFSize: 	 101 	 HypVol: 	 5050.00000000 	 IGD: 	 0.00000000 	 GD: 	 0.00000000 	 MaxSpread: 	 200.00000000 	 DomOptimalPoints: 	 0 	0000000000000000000000000000000000000000000000000000000000000000000000000000000000000000000000000000	0	1554725534
75.115517	100.000000	400	0	1588	0.000000 	 PFSize: 	 101 	 HypVol: 	 5050.00000000 	 IGD: 	 0.00000000 	 GD: 	 0.00000000 	 MaxSpread: 	 200.00000000 	 DomOptimalPoints: 	 0 	0000000000000000000000000000000000000000000000000000000000000000000000000000000000000000000000000000	1	1554725542
73.824303	100.000000	398	0	1194	0.000000 	 PFSize: 	 101 	 HypVol: 	 5050.00000000 	 IGD: 	 0.00000000 	 GD: 	 0.00000000 	 MaxSpread: 	 200.00000000 	 DomOptimalPoints: 	 0 	0000000000000000000000000000000000000000000000000000000000000000000000000000000000000000000000000000	0	1554725548
76.455307	100.000000	798	0	798	0.000000 	 PFSize: 	 101 	 HypVol: 	 5050.00000000 	 IGD: 	 0.00000000 	 GD: 	 0.00000000 	 MaxSpread: 	 200.00000000 	 DomOptimalPoints: 	 0 	0000000000000000000000000000000000000000000000000000000000000000000000000000000000000000000000000000	0	1554725553
94.337280	100.000000	1600	0	1600	1.000000 	 PFSize: 	 101 	 HypVol: 	 5050.00000000 	 IGD: 	 0.00000000 	 GD: 	 0.00000000 	 MaxSpread: 	 200.00000000 	 DomOptimalPoints: 	 0 	1111111111111111111111111111111111111111111111111111111111111111111111111111111111111111111111111111	0	1554725558
69.971657	100.000000	400	0	1200	0.000000 	 PFSize: 	 101 	 HypVol: 	 5050.00000000 	 IGD: 	 0.00000000 	 GD: 	 0.00000000 	 MaxSpread: 	 200.00000000 	 DomOptimalPoints: 	 0 	0000000000000000000000000000000000000000000000000000000000000000000000000000000000000000000000000000	0	1554725563
81.361076	100.000000	400	0	1196	1.000000 	 PFSize: 	 101 	 HypVol: 	 5050.00000000 	 IGD: 	 0.00000000 	 GD: 	 0.00000000 	 MaxSpread: 	 200.00000000 	 DomOptimalPoints: 	 0 	1111111111111111111111111111111111111111111111111111111111111111111111111111111111111111111111111111	0	1554725568
79.764977	100.000000	400	0	796	0.000000 	 PFSize: 	 101 	 HypVol: 	 5050.00000000 	 IGD: 	 0.00000000 	 GD: 	 0.00000000 	 MaxSpread: 	 200.00000000 	 DomOptimalPoints: 	 0 	0000000000000000000000000000000000000000000000000000000000000000000000000000000000000000000000000000	0	1554725573
85.885864	100.000000	1986	0	2386	0.000000 	 PFSize: 	 101 	 HypVol: 	 5050.00000000 	 IGD: 	 0.00000000 	 GD: 	 0.00000000 	 MaxSpread: 	 200.00000000 	 DomOptimalPoints: 	 0 	0000000000000000000000000000000000000000000000000000000000000000000000000000000000000000000000000000	0	1554725581
87.454773	100.000000	792	0	1192	0.000000 	 PFSize: 	 101 	 HypVol: 	 5050.00000000 	 IGD: 	 0.00000000 	 GD: 	 0.00000000 	 MaxSpread: 	 200.00000000 	 DomOptimalPoints: 	 0 	0000000000000000000000000000000000000000000000000000000000000000000000000000000000000000000000000000	0	1554725586
82.761681	100.000000	784	0	784	1.000000 	 PFSize: 	 101 	 HypVol: 	 5050.00000000 	 IGD: 	 0.00000000 	 GD: 	 0.00000000 	 MaxSpread: 	 200.00000000 	 DomOptimalPoints: 	 0 	1111111111111111111111111111111111111111111111111111111111111111111111111111111111111111111111111111	0	1554725591
171.654709	200.000000	3988	0	3988	1.000000 	 PFSize: 	 201 	 HypVol: 	 20100.00000000 	 IGD: 	 0.00000000 	 GD: 	 0.00000000 	 MaxSpread: 	 400.00000000 	 DomOptimalPoints: 	 0 	11111111111111111111111111111111111111111111111111111111111111111111111111111111111111111111111111111111111111111111111111111111111111111111111111111111111111111111111111111111111111111111111111111111	0	1554725596
166.287781	200.000000	792	0	3988	0.000000 	 PFSize: 	 201 	 HypVol: 	 20100.00000000 	 IGD: 	 0.00000000 	 GD: 	 0.00000000 	 MaxSpread: 	 400.00000000 	 DomOptimalPoints: 	 0 	00000000000000000000000000000000000000000000000000000000000000000000000000000000000000000000000000000000000000000000000000000000000000000000000000000000000000000000000000000000000000000000000000000000	0	1554725601
168.626205	200.000000	1600	0	1600	1.000000 	 PFSize: 	 201 	 HypVol: 	 20100.00000000 	 IGD: 	 0.00000000 	 GD: 	 0.00000000 	 MaxSpread: 	 400.00000000 	 DomOptimalPoints: 	 0 	11111111111111111111111111111111111111111111111111111111111111111111111111111111111111111111111111111111111111111111111111111111111111111111111111111111111111111111111111111111111111111111111111111111	0	1554725606
110.026688	200.000000	792	0	1592	1.000000 	 PFSize: 	 201 	 HypVol: 	 20100.00000000 	 IGD: 	 0.00000000 	 GD: 	 0.00000000 	 MaxSpread: 	 400.00000000 	 DomOptimalPoints: 	 0 	11111111111111111111111111111111111111111111111111111111111111111111111111111111111111111111111111111111111111111111111111111111111111111111111111111111111111111111111111111111111111111111111111111111	0	1554725611
198.943573	200.000000	3198	1	4796	0.000000 	 PFSize: 	 201 	 HypVol: 	 20100.00000000 	 IGD: 	 0.00000000 	 GD: 	 0.00000000 	 MaxSpread: 	 400.00000000 	 DomOptimalPoints: 	 0 	00000000000000000000000000000000000000000000000000000000000000000000000000000000000000000000000000000000000000000000000000000000000000000000000000000000000000000000000000000000000000000000000000000000	1	1554725619
139.409103	200.000000	800	1	1600	0.000000 	 PFSize: 	 201 	 HypVol: 	 20100.00000000 	 IGD: 	 0.00000000 	 GD: 	 0.00000000 	 MaxSpread: 	 400.00000000 	 DomOptimalPoints: 	 0 	00000000000000000000000000000000000000000000000000000000000000000000000000000000000000000000000000000000000000000000000000000000000000000000000000000000000000000000000000000000000000000000000000000000	1	1554725624
186.482101	200.000000	1596	0	2390	0.000000 	 PFSize: 	 201 	 HypVol: 	 20100.00000000 	 IGD: 	 0.00000000 	 GD: 	 0.00000000 	 MaxSpread: 	 400.00000000 	 DomOptimalPoints: 	 0 	00000000000000000000000000000000000000000000000000000000000000000000000000000000000000000000000000000000000000000000000000000000000000000000000000000000000000000000000000000000000000000000000000000000	0	1554725630
183.184601	200.000000	798	0	5594	1.000000 	 PFSize: 	 201 	 HypVol: 	 20100.00000000 	 IGD: 	 0.00000000 	 GD: 	 0.00000000 	 MaxSpread: 	 400.00000000 	 DomOptimalPoints: 	 0 	11111111111111111111111111111111111111111111111111111111111111111111111111111111111111111111111111111111111111111111111111111111111111111111111111111111111111111111111111111111111111111111111111111111	0	1554725635
157.140778	200.000000	800	0	1596	0.000000 	 PFSize: 	 201 	 HypVol: 	 20100.00000000 	 IGD: 	 0.00000000 	 GD: 	 0.00000000 	 MaxSpread: 	 400.00000000 	 DomOptimalPoints: 	 0 	00000000000000000000000000000000000000000000000000000000000000000000000000000000000000000000000000000000000000000000000000000000000000000000000000000000000000000000000000000000000000000000000000000000	0	1554725640
155.349609	200.000000	1588	0	2388	0.000000 	 PFSize: 	 201 	 HypVol: 	 20100.00000000 	 IGD: 	 0.00000000 	 GD: 	 0.00000000 	 MaxSpread: 	 400.00000000 	 DomOptimalPoints: 	 0 	00000000000000000000000000000000000000000000000000000000000000000000000000000000000000000000000000000000000000000000000000000000000000000000000000000000000000000000000000000000000000000000000000000000	0	1554725645
167.756210	200.000000	794	0	1590	0.000000 	 PFSize: 	 201 	 HypVol: 	 20100.00000000 	 IGD: 	 0.00000000 	 GD: 	 0.00000000 	 MaxSpread: 	 400.00000000 	 DomOptimalPoints: 	 0 	00000000000000000000000000000000000000000000000000000000000000000000000000000000000000000000000000000000000000000000000000000000000000000000000000000000000000000000000000000000000000000000000000000000	0	1554725650
188.416092	200.000000	2394	0	2394	1.000000 	 PFSize: 	 201 	 HypVol: 	 20100.00000000 	 IGD: 	 0.00000000 	 GD: 	 0.00000000 	 MaxSpread: 	 400.00000000 	 DomOptimalPoints: 	 0 	11111111111111111111111111111111111111111111111111111111111111111111111111111111111111111111111111111111111111111111111111111111111111111111111111111111111111111111111111111111111111111111111111111111	0	1554725658
110.858322	200.000000	1584	0	1584	1.000000 	 PFSize: 	 201 	 HypVol: 	 20100.00000000 	 IGD: 	 0.00000000 	 GD: 	 0.00000000 	 MaxSpread: 	 400.00000000 	 DomOptimalPoints: 	 0 	11111111111111111111111111111111111111111111111111111111111111111111111111111111111111111111111111111111111111111111111111111111111111111111111111111111111111111111111111111111111111111111111111111111	0	1554725663
164.443649	200.000000	798	0	2394	0.000000 	 PFSize: 	 201 	 HypVol: 	 20100.00000000 	 IGD: 	 0.00000000 	 GD: 	 0.00000000 	 MaxSpread: 	 400.00000000 	 DomOptimalPoints: 	 0 	00000000000000000000000000000000000000000000000000000000000000000000000000000000000000000000000000000000000000000000000000000000000000000000000000000000000000000000000000000000000000000000000000000000	0	1554725668
145.028763	200.000000	800	0	1600	0.000000 	 PFSize: 	 201 	 HypVol: 	 20100.00000000 	 IGD: 	 0.00000000 	 GD: 	 0.00000000 	 MaxSpread: 	 400.00000000 	 DomOptimalPoints: 	 0 	00000000000000000000000000000000000000000000000000000000000000000000000000000000000000000000000000000000000000000000000000000000000000000000000000000000000000000000000000000000000000000000000000000000	0	1554725673
191.922256	200.000000	3992	0	3992	0.000000 	 PFSize: 	 201 	 HypVol: 	 20100.00000000 	 IGD: 	 0.00000000 	 GD: 	 0.00000000 	 MaxSpread: 	 400.00000000 	 DomOptimalPoints: 	 0 	00000000000000000000000000000000000000000000000000000000000000000000000000000000000000000000000000000000000000000000000000000000000000000000000000000000000000000000000000000000000000000000000000000000	0	1554725678
161.180038	200.000000	798	0	1598	0.000000 	 PFSize: 	 201 	 HypVol: 	 20100.00000000 	 IGD: 	 0.00000000 	 GD: 	 0.00000000 	 MaxSpread: 	 400.00000000 	 DomOptimalPoints: 	 0 	00000000000000000000000000000000000000000000000000000000000000000000000000000000000000000000000000000000000000000000000000000000000000000000000000000000000000000000000000000000000000000000000000000000	0	1554725683
137.162231	200.000000	794	0	1592	0.000000 	 PFSize: 	 201 	 HypVol: 	 20100.00000000 	 IGD: 	 0.00000000 	 GD: 	 0.00000000 	 MaxSpread: 	 400.00000000 	 DomOptimalPoints: 	 0 	00000000000000000000000000000000000000000000000000000000000000000000000000000000000000000000000000000000000000000000000000000000000000000000000000000000000000000000000000000000000000000000000000000000	0	1554725688
175.868591	200.000000	800	0	1592	1.000000 	 PFSize: 	 201 	 HypVol: 	 20100.00000000 	 IGD: 	 0.00000000 	 GD: 	 0.00000000 	 MaxSpread: 	 400.00000000 	 DomOptimalPoints: 	 0 	11111111111111111111111111111111111111111111111111111111111111111111111111111111111111111111111111111111111111111111111111111111111111111111111111111111111111111111111111111111111111111111111111111111	0	1554725696
156.469315	200.000000	800	0	3196	0.000000 	 PFSize: 	 201 	 HypVol: 	 20100.00000000 	 IGD: 	 0.00000000 	 GD: 	 0.00000000 	 MaxSpread: 	 400.00000000 	 DomOptimalPoints: 	 0 	00000000000000000000000000000000000000000000000000000000000000000000000000000000000000000000000000000000000000000000000000000000000000000000000000000000000000000000000000000000000000000000000000000000	1	1554725701
154.797028	200.000000	3994	1	6394	0.000000 	 PFSize: 	 201 	 HypVol: 	 20100.00000000 	 IGD: 	 0.00000000 	 GD: 	 0.00000000 	 MaxSpread: 	 400.00000000 	 DomOptimalPoints: 	 0 	00000000000000000000000000000000000000000000000000000000000000000000000000000000000000000000000000000000000000000000000000000000000000000000000000000000000000000000000000000000000000000000000000000000	1	1554725706
194.193771	200.000000	1596	0	2396	1.000000 	 PFSize: 	 201 	 HypVol: 	 20100.00000000 	 IGD: 	 0.00000000 	 GD: 	 0.00000000 	 MaxSpread: 	 400.00000000 	 DomOptimalPoints: 	 0 	11111111111111111111111111111111111111111111111111111111111111111111111111111111111111111111111111111111111111111111111111111111111111111111111111111111111111111111111111111111111111111111111111111111	0	1554725712
166.064835	200.000000	798	0	2394	0.000000 	 PFSize: 	 201 	 HypVol: 	 20100.00000000 	 IGD: 	 0.00000000 	 GD: 	 0.00000000 	 MaxSpread: 	 400.00000000 	 DomOptimalPoints: 	 0 	00000000000000000000000000000000000000000000000000000000000000000000000000000000000000000000000000000000000000000000000000000000000000000000000000000000000000000000000000000000000000000000000000000000	0	1554725717
149.470734	200.000000	792	0	3990	0.000000 	 PFSize: 	 201 	 HypVol: 	 20100.00000000 	 IGD: 	 0.00000000 	 GD: 	 0.00000000 	 MaxSpread: 	 400.00000000 	 DomOptimalPoints: 	 0 	00000000000000000000000000000000000000000000000000000000000000000000000000000000000000000000000000000000000000000000000000000000000000000000000000000000000000000000000000000000000000000000000000000000	0	1554725722
192.206421	200.000000	1600	0	1600	1.000000 	 PFSize: 	 201 	 HypVol: 	 20100.00000000 	 IGD: 	 0.00000000 	 GD: 	 0.00000000 	 MaxSpread: 	 400.00000000 	 DomOptimalPoints: 	 0 	11111111111111111111111111111111111111111111111111111111111111111111111111111111111111111111111111111111111111111111111111111111111111111111111111111111111111111111111111111111111111111111111111111111	0	1554725727
162.539795	200.000000	796	0	2394	0.000000 	 PFSize: 	 201 	 HypVol: 	 20100.00000000 	 IGD: 	 0.00000000 	 GD: 	 0.00000000 	 MaxSpread: 	 400.00000000 	 DomOptimalPoints: 	 0 	00000000000000000000000000000000000000000000000000000000000000000000000000000000000000000000000000000000000000000000000000000000000000000000000000000000000000000000000000000000000000000000000000000000	0	1554725735
191.093597	200.000000	1596	0	3994	0.000000 	 PFSize: 	 201 	 HypVol: 	 20100.00000000 	 IGD: 	 0.00000000 	 GD: 	 0.00000000 	 MaxSpread: 	 400.00000000 	 DomOptimalPoints: 	 0 	00000000000000000000000000000000000000000000000000000000000000000000000000000000000000000000000000000000000000000000000000000000000000000000000000000000000000000000000000000000000000000000000000000000	0	1554725740
196.420502	200.000000	2396	0	2396	0.000000 	 PFSize: 	 201 	 HypVol: 	 20100.00000000 	 IGD: 	 0.00000000 	 GD: 	 0.00000000 	 MaxSpread: 	 400.00000000 	 DomOptimalPoints: 	 0 	00000000000000000000000000000000000000000000000000000000000000000000000000000000000000000000000000000000000000000000000000000000000000000000000000000000000000000000000000000000000000000000000000000000	0	1554725745
180.461502	200.000000	2400	0	2400	1.000000 	 PFSize: 	 201 	 HypVol: 	 20100.00000000 	 IGD: 	 0.00000000 	 GD: 	 0.00000000 	 MaxSpread: 	 400.00000000 	 DomOptimalPoints: 	 0 	11111111111111111111111111111111111111111111111111111111111111111111111111111111111111111111111111111111111111111111111111111111111111111111111111111111111111111111111111111111111111111111111111111111	0	1554725750
161.831604	200.000000	2376	0	3970	0.000000 	 PFSize: 	 201 	 HypVol: 	 20100.00000000 	 IGD: 	 0.00000000 	 GD: 	 0.00000000 	 MaxSpread: 	 400.00000000 	 DomOptimalPoints: 	 0 	00000000000000000000000000000000000000000000000000000000000000000000000000000000000000000000000000000000000000000000000000000000000000000000000000000000000000000000000000000000000000000000000000000000	0	1554725755
182.502182	200.000000	798	0	4790	1.000000 	 PFSize: 	 201 	 HypVol: 	 20100.00000000 	 IGD: 	 0.00000000 	 GD: 	 0.00000000 	 MaxSpread: 	 400.00000000 	 DomOptimalPoints: 	 0 	11111111111111111111111111111111111111111111111111111111111111111111111111111111111111111111111111111111111111111111111111111111111111111111111111111111111111111111111111111111111111111111111111111111	0	1554725760
154.935547	200.000000	800	0	3192	0.000000 	 PFSize: 	 201 	 HypVol: 	 20100.00000000 	 IGD: 	 0.00000000 	 GD: 	 0.00000000 	 MaxSpread: 	 400.00000000 	 DomOptimalPoints: 	 0 	00000000000000000000000000000000000000000000000000000000000000000000000000000000000000000000000000000000000000000000000000000000000000000000000000000000000000000000000000000000000000000000000000000000	0	1554725765
195.716110	200.000000	1598	0	2396	0.000000 	 PFSize: 	 201 	 HypVol: 	 20100.00000000 	 IGD: 	 0.00000000 	 GD: 	 0.00000000 	 MaxSpread: 	 400.00000000 	 DomOptimalPoints: 	 0 	00000000000000000000000000000000000000000000000000000000000000000000000000000000000000000000000000000000000000000000000000000000000000000000000000000000000000000000000000000000000000000000000000000000	0	1554725773
165.431763	200.000000	796	0	3196	0.000000 	 PFSize: 	 201 	 HypVol: 	 20100.00000000 	 IGD: 	 0.00000000 	 GD: 	 0.00000000 	 MaxSpread: 	 400.00000000 	 DomOptimalPoints: 	 0 	00000000000000000000000000000000000000000000000000000000000000000000000000000000000000000000000000000000000000000000000000000000000000000000000000000000000000000000000000000000000000000000000000000000	0	1554725778
148.859558	200.000000	800	0	1600	0.000000 	 PFSize: 	 201 	 HypVol: 	 20100.00000000 	 IGD: 	 0.00000000 	 GD: 	 0.00000000 	 MaxSpread: 	 400.00000000 	 DomOptimalPoints: 	 0 	00000000000000000000000000000000000000000000000000000000000000000000000000000000000000000000000000000000000000000000000000000000000000000000000000000000000000000000000000000000000000000000000000000000	0	1554725783
178.757538	200.000000	3188	1	3986	0.000000 	 PFSize: 	 201 	 HypVol: 	 20100.00000000 	 IGD: 	 0.00000000 	 GD: 	 0.00000000 	 MaxSpread: 	 400.00000000 	 DomOptimalPoints: 	 0 	00000000000000000000000000000000000000000000000000000000000000000000000000000000000000000000000000000000000000000000000000000000000000000000000000000000000000000000000000000000000000000000000000000000	1	1554725788
162.535309	200.000000	798	1	1592	0.000000 	 PFSize: 	 201 	 HypVol: 	 20100.00000000 	 IGD: 	 0.00000000 	 GD: 	 0.00000000 	 MaxSpread: 	 400.00000000 	 DomOptimalPoints: 	 0 	00000000000000000000000000000000000000000000000000000000000000000000000000000000000000000000000000000000000000000000000000000000000000000000000000000000000000000000000000000000000000000000000000000000	1	1554725793
198.651276	200.000000	2392	0	4792	0.000000 	 PFSize: 	 201 	 HypVol: 	 20100.00000000 	 IGD: 	 0.00000000 	 GD: 	 0.00000000 	 MaxSpread: 	 400.00000000 	 DomOptimalPoints: 	 0 	00000000000000000000000000000000000000000000000000000000000000000000000000000000000000000000000000000000000000000000000000000000000000000000000000000000000000000000000000000000000000000000000000000000	0	1554725799
188.055679	200.000000	3200	0	5594	1.000000 	 PFSize: 	 201 	 HypVol: 	 20100.00000000 	 IGD: 	 0.00000000 	 GD: 	 0.00000000 	 MaxSpread: 	 400.00000000 	 DomOptimalPoints: 	 0 	11111111111111111111111111111111111111111111111111111111111111111111111111111111111111111111111111111111111111111111111111111111111111111111111111111111111111111111111111111111111111111111111111111111	0	1554725804
144.628189	200.000000	794	0	1594	1.000000 	 PFSize: 	 201 	 HypVol: 	 20100.00000000 	 IGD: 	 0.00000000 	 GD: 	 0.00000000 	 MaxSpread: 	 400.00000000 	 DomOptimalPoints: 	 0 	11111111111111111111111111111111111111111111111111111111111111111111111111111111111111111111111111111111111111111111111111111111111111111111111111111111111111111111111111111111111111111111111111111111	0	1554725812
191.976563	200.000000	1594	0	2392	0.000000 	 PFSize: 	 201 	 HypVol: 	 20100.00000000 	 IGD: 	 0.00000000 	 GD: 	 0.00000000 	 MaxSpread: 	 400.00000000 	 DomOptimalPoints: 	 0 	00000000000000000000000000000000000000000000000000000000000000000000000000000000000000000000000000000000000000000000000000000000000000000000000000000000000000000000000000000000000000000000000000000000	0	1554725817
147.470215	200.000000	2394	0	4788	0.000000 	 PFSize: 	 201 	 HypVol: 	 20100.00000000 	 IGD: 	 0.00000000 	 GD: 	 0.00000000 	 MaxSpread: 	 400.00000000 	 DomOptimalPoints: 	 0 	00000000000000000000000000000000000000000000000000000000000000000000000000000000000000000000000000000000000000000000000000000000000000000000000000000000000000000000000000000000000000000000000000000000	0	1554725822
166.862778	200.000000	798	0	2394	0.000000 	 PFSize: 	 201 	 HypVol: 	 20100.00000000 	 IGD: 	 0.00000000 	 GD: 	 0.00000000 	 MaxSpread: 	 400.00000000 	 DomOptimalPoints: 	 0 	00000000000000000000000000000000000000000000000000000000000000000000000000000000000000000000000000000000000000000000000000000000000000000000000000000000000000000000000000000000000000000000000000000000	0	1554725827
152.451035	200.000000	800	0	1600	0.000000 	 PFSize: 	 201 	 HypVol: 	 20100.00000000 	 IGD: 	 0.00000000 	 GD: 	 0.00000000 	 MaxSpread: 	 400.00000000 	 DomOptimalPoints: 	 0 	00000000000000000000000000000000000000000000000000000000000000000000000000000000000000000000000000000000000000000000000000000000000000000000000000000000000000000000000000000000000000000000000000000000	0	1554725832
116.200035	200.000000	798	0	1596	0.000000 	 PFSize: 	 201 	 HypVol: 	 20100.00000000 	 IGD: 	 0.00000000 	 GD: 	 0.00000000 	 MaxSpread: 	 400.00000000 	 DomOptimalPoints: 	 0 	00000000000000000000000000000000000000000000000000000000000000000000000000000000000000000000000000000000000000000000000000000000000000000000000000000000000000000000000000000000000000000000000000000000	0	1554725837
172.104523	200.000000	2376	0	3176	1.000000 	 PFSize: 	 201 	 HypVol: 	 20100.00000000 	 IGD: 	 0.00000000 	 GD: 	 0.00000000 	 MaxSpread: 	 400.00000000 	 DomOptimalPoints: 	 0 	11111111111111111111111111111111111111111111111111111111111111111111111111111111111111111111111111111111111111111111111111111111111111111111111111111111111111111111111111111111111111111111111111111111	0	1554725842
146.508972	200.000000	1600	0	1600	1.000000 	 PFSize: 	 201 	 HypVol: 	 20100.00000000 	 IGD: 	 0.00000000 	 GD: 	 0.00000000 	 MaxSpread: 	 400.00000000 	 DomOptimalPoints: 	 0 	11111111111111111111111111111111111111111111111111111111111111111111111111111111111111111111111111111111111111111111111111111111111111111111111111111111111111111111111111111111111111111111111111111111	0	1554725850
190.643890	200.000000	1598	0	4788	1.000000 	 PFSize: 	 201 	 HypVol: 	 20100.00000000 	 IGD: 	 0.00000000 	 GD: 	 0.00000000 	 MaxSpread: 	 400.00000000 	 DomOptimalPoints: 	 0 	11111111111111111111111111111111111111111111111111111111111111111111111111111111111111111111111111111111111111111111111111111111111111111111111111111111111111111111111111111111111111111111111111111111	0	1554725855
192.700485	200.000000	3194	0	3194	1.000000 	 PFSize: 	 201 	 HypVol: 	 20100.00000000 	 IGD: 	 0.00000000 	 GD: 	 0.00000000 	 MaxSpread: 	 400.00000000 	 DomOptimalPoints: 	 0 	11111111111111111111111111111111111111111111111111111111111111111111111111111111111111111111111111111111111111111111111111111111111111111111111111111111111111111111111111111111111111111111111111111111	0	1554725860
142.809967	200.000000	3990	0	7174	0.000000 	 PFSize: 	 201 	 HypVol: 	 20100.00000000 	 IGD: 	 0.00000000 	 GD: 	 0.00000000 	 MaxSpread: 	 400.00000000 	 DomOptimalPoints: 	 0 	00000000000000000000000000000000000000000000000000000000000000000000000000000000000000000000000000000000000000000000000000000000000000000000000000000000000000000000000000000000000000000000000000000000	0	1554725865
378.637024	400.000000	3200	1	4796	1.000000 	 PFSize: 	 401 	 HypVol: 	 80200.00000000 	 IGD: 	 0.00000000 	 GD: 	 0.00000000 	 MaxSpread: 	 800.00000000 	 DomOptimalPoints: 	 0 	1111111111111111111111111111111111111111111111111111111111111111111111111111111111111111111111111111111111111111111111111111111111111111111111111111111111111111111111111111111111111111111111111111111111111111111111111111111111111111111111111111111111111111111111111111111111111111111111111111111111111111111111111111111111111111111111111111111111111111111111111111111111111111111111111111111111111111	1	1554725870
382.574280	400.000000	4792	1	4792	1.000000 	 PFSize: 	 401 	 HypVol: 	 80200.00000000 	 IGD: 	 0.00000000 	 GD: 	 0.00000000 	 MaxSpread: 	 800.00000000 	 DomOptimalPoints: 	 0 	1111111111111111111111111111111111111111111111111111111111111111111111111111111111111111111111111111111111111111111111111111111111111111111111111111111111111111111111111111111111111111111111111111111111111111111111111111111111111111111111111111111111111111111111111111111111111111111111111111111111111111111111111111111111111111111111111111111111111111111111111111111111111111111111111111111111111111	1	1554725875
305.029907	400.000000	6384	0	6384	1.000000 	 PFSize: 	 401 	 HypVol: 	 80200.00000000 	 IGD: 	 0.00000000 	 GD: 	 0.00000000 	 MaxSpread: 	 800.00000000 	 DomOptimalPoints: 	 0 	1111111111111111111111111111111111111111111111111111111111111111111111111111111111111111111111111111111111111111111111111111111111111111111111111111111111111111111111111111111111111111111111111111111111111111111111111111111111111111111111111111111111111111111111111111111111111111111111111111111111111111111111111111111111111111111111111111111111111111111111111111111111111111111111111111111111111111	1	1554725880
394.673523	400.000000	3196	0	3196	1.000000 	 PFSize: 	 401 	 HypVol: 	 80200.00000000 	 IGD: 	 0.00000000 	 GD: 	 0.00000000 	 MaxSpread: 	 800.00000000 	 DomOptimalPoints: 	 0 	1111111111111111111111111111111111111111111111111111111111111111111111111111111111111111111111111111111111111111111111111111111111111111111111111111111111111111111111111111111111111111111111111111111111111111111111111111111111111111111111111111111111111111111111111111111111111111111111111111111111111111111111111111111111111111111111111111111111111111111111111111111111111111111111111111111111111111	0	1554725889
330.537628	400.000000	1598	0	4796	0.000000 	 PFSize: 	 401 	 HypVol: 	 80200.00000000 	 IGD: 	 0.00000000 	 GD: 	 0.00000000 	 MaxSpread: 	 800.00000000 	 DomOptimalPoints: 	 0 	0000000000000000000000000000000000000000000000000000000000000000000000000000000000000000000000000000000000000000000000000000000000000000000000000000000000000000000000000000000000000000000000000000000000000000000000000000000000000000000000000000000000000000000000000000000000000000000000000000000000000000000000000000000000000000000000000000000000000000000000000000000000000000000000000000000000000000	0	1554725894
299.749817	400.000000	1598	0	7990	0.000000 	 PFSize: 	 401 	 HypVol: 	 80200.00000000 	 IGD: 	 0.00000000 	 GD: 	 0.00000000 	 MaxSpread: 	 800.00000000 	 DomOptimalPoints: 	 0 	0000000000000000000000000000000000000000000000000000000000000000000000000000000000000000000000000000000000000000000000000000000000000000000000000000000000000000000000000000000000000000000000000000000000000000000000000000000000000000000000000000000000000000000000000000000000000000000000000000000000000000000000000000000000000000000000000000000000000000000000000000000000000000000000000000000000000000	0	1554725899
383.441986	400.000000	3200	0	3200	1.000000 	 PFSize: 	 401 	 HypVol: 	 80200.00000000 	 IGD: 	 0.00000000 	 GD: 	 0.00000000 	 MaxSpread: 	 800.00000000 	 DomOptimalPoints: 	 0 	1111111111111111111111111111111111111111111111111111111111111111111111111111111111111111111111111111111111111111111111111111111111111111111111111111111111111111111111111111111111111111111111111111111111111111111111111111111111111111111111111111111111111111111111111111111111111111111111111111111111111111111111111111111111111111111111111111111111111111111111111111111111111111111111111111111111111111	0	1554725904
337.625916	400.000000	4792	0	4792	1.000000 	 PFSize: 	 401 	 HypVol: 	 80200.00000000 	 IGD: 	 0.00000000 	 GD: 	 0.00000000 	 MaxSpread: 	 800.00000000 	 DomOptimalPoints: 	 0 	1111111111111111111111111111111111111111111111111111111111111111111111111111111111111111111111111111111111111111111111111111111111111111111111111111111111111111111111111111111111111111111111111111111111111111111111111111111111111111111111111111111111111111111111111111111111111111111111111111111111111111111111111111111111111111111111111111111111111111111111111111111111111111111111111111111111111111	0	1554725909
288.321777	400.000000	1596	0	3196	0.000000 	 PFSize: 	 401 	 HypVol: 	 80200.00000000 	 IGD: 	 0.00000000 	 GD: 	 0.00000000 	 MaxSpread: 	 800.00000000 	 DomOptimalPoints: 	 0 	0000000000000000000000000000000000000000000000000000000000000000000000000000000000000000000000000000000000000000000000000000000000000000000000000000000000000000000000000000000000000000000000000000000000000000000000000000000000000000000000000000000000000000000000000000000000000000000000000000000000000000000000000000000000000000000000000000000000000000000000000000000000000000000000000000000000000000	0	1554725914
378.925537	400.000000	3198	0	6382	1.000000 	 PFSize: 	 401 	 HypVol: 	 80200.00000000 	 IGD: 	 0.00000000 	 GD: 	 0.00000000 	 MaxSpread: 	 800.00000000 	 DomOptimalPoints: 	 0 	1111111111111111111111111111111111111111111111111111111111111111111111111111111111111111111111111111111111111111111111111111111111111111111111111111111111111111111111111111111111111111111111111111111111111111111111111111111111111111111111111111111111111111111111111111111111111111111111111111111111111111111111111111111111111111111111111111111111111111111111111111111111111111111111111111111111111111	0	1554725919
317.316803	400.000000	1598	0	3194	0.000000 	 PFSize: 	 401 	 HypVol: 	 80200.00000000 	 IGD: 	 0.00000000 	 GD: 	 0.00000000 	 MaxSpread: 	 800.00000000 	 DomOptimalPoints: 	 0 	0000000000000000000000000000000000000000000000000000000000000000000000000000000000000000000000000000000000000000000000000000000000000000000000000000000000000000000000000000000000000000000000000000000000000000000000000000000000000000000000000000000000000000000000000000000000000000000000000000000000000000000000000000000000000000000000000000000000000000000000000000000000000000000000000000000000000000	0	1554725927
270.943329	400.000000	1600	0	3200	0.000000 	 PFSize: 	 401 	 HypVol: 	 80200.00000000 	 IGD: 	 0.00000000 	 GD: 	 0.00000000 	 MaxSpread: 	 800.00000000 	 DomOptimalPoints: 	 0 	0000000000000000000000000000000000000000000000000000000000000000000000000000000000000000000000000000000000000000000000000000000000000000000000000000000000000000000000000000000000000000000000000000000000000000000000000000000000000000000000000000000000000000000000000000000000000000000000000000000000000000000000000000000000000000000000000000000000000000000000000000000000000000000000000000000000000000	0	1554725932
292.136749	400.000000	1600	0	4792	1.000000 	 PFSize: 	 401 	 HypVol: 	 80200.00000000 	 IGD: 	 0.00000000 	 GD: 	 0.00000000 	 MaxSpread: 	 800.00000000 	 DomOptimalPoints: 	 0 	1111111111111111111111111111111111111111111111111111111111111111111111111111111111111111111111111111111111111111111111111111111111111111111111111111111111111111111111111111111111111111111111111111111111111111111111111111111111111111111111111111111111111111111111111111111111111111111111111111111111111111111111111111111111111111111111111111111111111111111111111111111111111111111111111111111111111111	1	1554725937
343.553955	400.000000	3194	0	11178	0.000000 	 PFSize: 	 401 	 HypVol: 	 80200.00000000 	 IGD: 	 0.00000000 	 GD: 	 0.00000000 	 MaxSpread: 	 800.00000000 	 DomOptimalPoints: 	 0 	0000000000000000000000000000000000000000000000000000000000000000000000000000000000000000000000000000000000000000000000000000000000000000000000000000000000000000000000000000000000000000000000000000000000000000000000000000000000000000000000000000000000000000000000000000000000000000000000000000000000000000000000000000000000000000000000000000000000000000000000000000000000000000000000000000000000000000	1	1554725942
275.457031	400.000000	7988	1	7988	1.000000 	 PFSize: 	 401 	 HypVol: 	 80200.00000000 	 IGD: 	 0.00000000 	 GD: 	 0.00000000 	 MaxSpread: 	 800.00000000 	 DomOptimalPoints: 	 0 	1111111111111111111111111111111111111111111111111111111111111111111111111111111111111111111111111111111111111111111111111111111111111111111111111111111111111111111111111111111111111111111111111111111111111111111111111111111111111111111111111111111111111111111111111111111111111111111111111111111111111111111111111111111111111111111111111111111111111111111111111111111111111111111111111111111111111111	1	1554725947
330.389496	400.000000	1600	1	3200	0.000000 	 PFSize: 	 401 	 HypVol: 	 80200.00000000 	 IGD: 	 0.00000000 	 GD: 	 0.00000000 	 MaxSpread: 	 800.00000000 	 DomOptimalPoints: 	 0 	0000000000000000000000000000000000000000000000000000000000000000000000000000000000000000000000000000000000000000000000000000000000000000000000000000000000000000000000000000000000000000000000000000000000000000000000000000000000000000000000000000000000000000000000000000000000000000000000000000000000000000000000000000000000000000000000000000000000000000000000000000000000000000000000000000000000000000	1	1554725952
309.502136	400.000000	6382	1	7982	0.000000 	 PFSize: 	 401 	 HypVol: 	 80200.00000000 	 IGD: 	 0.00000000 	 GD: 	 0.00000000 	 MaxSpread: 	 800.00000000 	 DomOptimalPoints: 	 0 	0000000000000000000000000000000000000000000000000000000000000000000000000000000000000000000000000000000000000000000000000000000000000000000000000000000000000000000000000000000000000000000000000000000000000000000000000000000000000000000000000000000000000000000000000000000000000000000000000000000000000000000000000000000000000000000000000000000000000000000000000000000000000000000000000000000000000000	1	1554725957
294.372681	400.000000	1600	0	6390	0.000000 	 PFSize: 	 401 	 HypVol: 	 80200.00000000 	 IGD: 	 0.00000000 	 GD: 	 0.00000000 	 MaxSpread: 	 800.00000000 	 DomOptimalPoints: 	 0 	0000000000000000000000000000000000000000000000000000000000000000000000000000000000000000000000000000000000000000000000000000000000000000000000000000000000000000000000000000000000000000000000000000000000000000000000000000000000000000000000000000000000000000000000000000000000000000000000000000000000000000000000000000000000000000000000000000000000000000000000000000000000000000000000000000000000000000	0	1554725966
325.395569	400.000000	3194	0	3194	1.000000 	 PFSize: 	 401 	 HypVol: 	 80200.00000000 	 IGD: 	 0.00000000 	 GD: 	 0.00000000 	 MaxSpread: 	 800.00000000 	 DomOptimalPoints: 	 0 	1111111111111111111111111111111111111111111111111111111111111111111111111111111111111111111111111111111111111111111111111111111111111111111111111111111111111111111111111111111111111111111111111111111111111111111111111111111111111111111111111111111111111111111111111111111111111111111111111111111111111111111111111111111111111111111111111111111111111111111111111111111111111111111111111111111111111111	0	1554725971
332.845367	400.000000	4798	0	6398	1.000000 	 PFSize: 	 401 	 HypVol: 	 80200.00000000 	 IGD: 	 0.00000000 	 GD: 	 0.00000000 	 MaxSpread: 	 800.00000000 	 DomOptimalPoints: 	 0 	1111111111111111111111111111111111111111111111111111111111111111111111111111111111111111111111111111111111111111111111111111111111111111111111111111111111111111111111111111111111111111111111111111111111111111111111111111111111111111111111111111111111111111111111111111111111111111111111111111111111111111111111111111111111111111111111111111111111111111111111111111111111111111111111111111111111111111	0	1554725976
286.368042	400.000000	4796	0	7990	0.000000 	 PFSize: 	 401 	 HypVol: 	 80200.00000000 	 IGD: 	 0.00000000 	 GD: 	 0.00000000 	 MaxSpread: 	 800.00000000 	 DomOptimalPoints: 	 0 	0000000000000000000000000000000000000000000000000000000000000000000000000000000000000000000000000000000000000000000000000000000000000000000000000000000000000000000000000000000000000000000000000000000000000000000000000000000000000000000000000000000000000000000000000000000000000000000000000000000000000000000000000000000000000000000000000000000000000000000000000000000000000000000000000000000000000000	0	1554725981
251.407196	400.000000	3200	0	3200	0.000000 	 PFSize: 	 401 	 HypVol: 	 80200.00000000 	 IGD: 	 0.00000000 	 GD: 	 0.00000000 	 MaxSpread: 	 800.00000000 	 DomOptimalPoints: 	 0 	0000000000000000000000000000000000000000000000000000000000000000000000000000000000000000000000000000000000000000000000000000000000000000000000000000000000000000000000000000000000000000000000000000000000000000000000000000000000000000000000000000000000000000000000000000000000000000000000000000000000000000000000000000000000000000000000000000000000000000000000000000000000000000000000000000000000000000	0	1554725986
314.722595	400.000000	1600	0	6398	0.000000 	 PFSize: 	 401 	 HypVol: 	 80200.00000000 	 IGD: 	 0.00000000 	 GD: 	 0.00000000 	 MaxSpread: 	 800.00000000 	 DomOptimalPoints: 	 0 	0000000000000000000000000000000000000000000000000000000000000000000000000000000000000000000000000000000000000000000000000000000000000000000000000000000000000000000000000000000000000000000000000000000000000000000000000000000000000000000000000000000000000000000000000000000000000000000000000000000000000000000000000000000000000000000000000000000000000000000000000000000000000000000000000000000000000000	0	1554725991
266.856079	400.000000	1600	0	3200	0.000000 	 PFSize: 	 401 	 HypVol: 	 80200.00000000 	 IGD: 	 0.00000000 	 GD: 	 0.00000000 	 MaxSpread: 	 800.00000000 	 DomOptimalPoints: 	 0 	0000000000000000000000000000000000000000000000000000000000000000000000000000000000000000000000000000000000000000000000000000000000000000000000000000000000000000000000000000000000000000000000000000000000000000000000000000000000000000000000000000000000000000000000000000000000000000000000000000000000000000000000000000000000000000000000000000000000000000000000000000000000000000000000000000000000000000	0	1554725996
319.737152	400.000000	1600	0	7996	1.000000 	 PFSize: 	 401 	 HypVol: 	 80200.00000000 	 IGD: 	 0.00000000 	 GD: 	 0.00000000 	 MaxSpread: 	 800.00000000 	 DomOptimalPoints: 	 0 	1111111111111111111111111111111111111111111111111111111111111111111111111111111111111111111111111111111111111111111111111111111111111111111111111111111111111111111111111111111111111111111111111111111111111111111111111111111111111111111111111111111111111111111111111111111111111111111111111111111111111111111111111111111111111111111111111111111111111111111111111111111111111111111111111111111111111111	0	1554726004
375.622131	400.000000	6398	0	12788	0.000000 	 PFSize: 	 401 	 HypVol: 	 80200.00000000 	 IGD: 	 0.00000000 	 GD: 	 0.00000000 	 MaxSpread: 	 800.00000000 	 DomOptimalPoints: 	 0 	0000000000000000000000000000000000000000000000000000000000000000000000000000000000000000000000000000000000000000000000000000000000000000000000000000000000000000000000000000000000000000000000000000000000000000000000000000000000000000000000000000000000000000000000000000000000000000000000000000000000000000000000000000000000000000000000000000000000000000000000000000000000000000000000000000000000000000	0	1554726009
265.488525	400.000000	3196	0	6390	0.000000 	 PFSize: 	 401 	 HypVol: 	 80200.00000000 	 IGD: 	 0.00000000 	 GD: 	 0.00000000 	 MaxSpread: 	 800.00000000 	 DomOptimalPoints: 	 0 	0000000000000000000000000000000000000000000000000000000000000000000000000000000000000000000000000000000000000000000000000000000000000000000000000000000000000000000000000000000000000000000000000000000000000000000000000000000000000000000000000000000000000000000000000000000000000000000000000000000000000000000000000000000000000000000000000000000000000000000000000000000000000000000000000000000000000000	0	1554726014
327.192596	400.000000	1600	0	6400	0.000000 	 PFSize: 	 401 	 HypVol: 	 80200.00000000 	 IGD: 	 0.00000000 	 GD: 	 0.00000000 	 MaxSpread: 	 800.00000000 	 DomOptimalPoints: 	 0 	0000000000000000000000000000000000000000000000000000000000000000000000000000000000000000000000000000000000000000000000000000000000000000000000000000000000000000000000000000000000000000000000000000000000000000000000000000000000000000000000000000000000000000000000000000000000000000000000000000000000000000000000000000000000000000000000000000000000000000000000000000000000000000000000000000000000000000	0	1554726019
343.332825	400.000000	3198	0	3198	1.000000 	 PFSize: 	 401 	 HypVol: 	 80200.00000000 	 IGD: 	 0.00000000 	 GD: 	 0.00000000 	 MaxSpread: 	 800.00000000 	 DomOptimalPoints: 	 0 	1111111111111111111111111111111111111111111111111111111111111111111111111111111111111111111111111111111111111111111111111111111111111111111111111111111111111111111111111111111111111111111111111111111111111111111111111111111111111111111111111111111111111111111111111111111111111111111111111111111111111111111111111111111111111111111111111111111111111111111111111111111111111111111111111111111111111111	0	1554726024
233.164856	400.000000	3194	0	6388	0.000000 	 PFSize: 	 401 	 HypVol: 	 80200.00000000 	 IGD: 	 0.00000000 	 GD: 	 0.00000000 	 MaxSpread: 	 800.00000000 	 DomOptimalPoints: 	 0 	0000000000000000000000000000000000000000000000000000000000000000000000000000000000000000000000000000000000000000000000000000000000000000000000000000000000000000000000000000000000000000000000000000000000000000000000000000000000000000000000000000000000000000000000000000000000000000000000000000000000000000000000000000000000000000000000000000000000000000000000000000000000000000000000000000000000000000	1	1554726029
364.275574	400.000000	4798	1	6396	1.000000 	 PFSize: 	 401 	 HypVol: 	 80200.00000000 	 IGD: 	 0.00000000 	 GD: 	 0.00000000 	 MaxSpread: 	 800.00000000 	 DomOptimalPoints: 	 0 	1111111111111111111111111111111111111111111111111111111111111111111111111111111111111111111111111111111111111111111111111111111111111111111111111111111111111111111111111111111111111111111111111111111111111111111111111111111111111111111111111111111111111111111111111111111111111111111111111111111111111111111111111111111111111111111111111111111111111111111111111111111111111111111111111111111111111111	1	1554726034
360.358551	400.000000	4798	1	6392	1.000000 	 PFSize: 	 401 	 HypVol: 	 80200.00000000 	 IGD: 	 0.00000000 	 GD: 	 0.00000000 	 MaxSpread: 	 800.00000000 	 DomOptimalPoints: 	 0 	1111111111111111111111111111111111111111111111111111111111111111111111111111111111111111111111111111111111111111111111111111111111111111111111111111111111111111111111111111111111111111111111111111111111111111111111111111111111111111111111111111111111111111111111111111111111111111111111111111111111111111111111111111111111111111111111111111111111111111111111111111111111111111111111111111111111111111	1	1554726042
370.530548	400.000000	3196	1	9594	1.000000 	 PFSize: 	 401 	 HypVol: 	 80200.00000000 	 IGD: 	 0.00000000 	 GD: 	 0.00000000 	 MaxSpread: 	 800.00000000 	 DomOptimalPoints: 	 0 	1111111111111111111111111111111111111111111111111111111111111111111111111111111111111111111111111111111111111111111111111111111111111111111111111111111111111111111111111111111111111111111111111111111111111111111111111111111111111111111111111111111111111111111111111111111111111111111111111111111111111111111111111111111111111111111111111111111111111111111111111111111111111111111111111111111111111111	1	1554726047
311.167023	400.000000	6398	0	7990	0.000000 	 PFSize: 	 401 	 HypVol: 	 80200.00000000 	 IGD: 	 0.00000000 	 GD: 	 0.00000000 	 MaxSpread: 	 800.00000000 	 DomOptimalPoints: 	 0 	0000000000000000000000000000000000000000000000000000000000000000000000000000000000000000000000000000000000000000000000000000000000000000000000000000000000000000000000000000000000000000000000000000000000000000000000000000000000000000000000000000000000000000000000000000000000000000000000000000000000000000000000000000000000000000000000000000000000000000000000000000000000000000000000000000000000000000	0	1554726053
312.729919	400.000000	3198	0	4798	1.000000 	 PFSize: 	 401 	 HypVol: 	 80200.00000000 	 IGD: 	 0.00000000 	 GD: 	 0.00000000 	 MaxSpread: 	 800.00000000 	 DomOptimalPoints: 	 0 	1111111111111111111111111111111111111111111111111111111111111111111111111111111111111111111111111111111111111111111111111111111111111111111111111111111111111111111111111111111111111111111111111111111111111111111111111111111111111111111111111111111111111111111111111111111111111111111111111111111111111111111111111111111111111111111111111111111111111111111111111111111111111111111111111111111111111111	0	1554726058
377.297729	400.000000	7998	0	12794	0.000000 	 PFSize: 	 401 	 HypVol: 	 80200.00000000 	 IGD: 	 0.00000000 	 GD: 	 0.00000000 	 MaxSpread: 	 800.00000000 	 DomOptimalPoints: 	 0 	0000000000000000000000000000000000000000000000000000000000000000000000000000000000000000000000000000000000000000000000000000000000000000000000000000000000000000000000000000000000000000000000000000000000000000000000000000000000000000000000000000000000000000000000000000000000000000000000000000000000000000000000000000000000000000000000000000000000000000000000000000000000000000000000000000000000000000	0	1554726063
329.994324	400.000000	1594	0	7986	1.000000 	 PFSize: 	 401 	 HypVol: 	 80200.00000000 	 IGD: 	 0.00000000 	 GD: 	 0.00000000 	 MaxSpread: 	 800.00000000 	 DomOptimalPoints: 	 0 	1111111111111111111111111111111111111111111111111111111111111111111111111111111111111111111111111111111111111111111111111111111111111111111111111111111111111111111111111111111111111111111111111111111111111111111111111111111111111111111111111111111111111111111111111111111111111111111111111111111111111111111111111111111111111111111111111111111111111111111111111111111111111111111111111111111111111111	0	1554726068
328.155518	400.000000	3190	0	3190	1.000000 	 PFSize: 	 401 	 HypVol: 	 80200.00000000 	 IGD: 	 0.00000000 	 GD: 	 0.00000000 	 MaxSpread: 	 800.00000000 	 DomOptimalPoints: 	 0 	1111111111111111111111111111111111111111111111111111111111111111111111111111111111111111111111111111111111111111111111111111111111111111111111111111111111111111111111111111111111111111111111111111111111111111111111111111111111111111111111111111111111111111111111111111111111111111111111111111111111111111111111111111111111111111111111111111111111111111111111111111111111111111111111111111111111111111	0	1554726073
233.040100	400.000000	1598	0	4794	0.000000 	 PFSize: 	 401 	 HypVol: 	 80200.00000000 	 IGD: 	 0.00000000 	 GD: 	 0.00000000 	 MaxSpread: 	 800.00000000 	 DomOptimalPoints: 	 0 	0000000000000000000000000000000000000000000000000000000000000000000000000000000000000000000000000000000000000000000000000000000000000000000000000000000000000000000000000000000000000000000000000000000000000000000000000000000000000000000000000000000000000000000000000000000000000000000000000000000000000000000000000000000000000000000000000000000000000000000000000000000000000000000000000000000000000000	0	1554726081
323.908966	400.000000	1600	0	4796	0.000000 	 PFSize: 	 401 	 HypVol: 	 80200.00000000 	 IGD: 	 0.00000000 	 GD: 	 0.00000000 	 MaxSpread: 	 800.00000000 	 DomOptimalPoints: 	 0 	0000000000000000000000000000000000000000000000000000000000000000000000000000000000000000000000000000000000000000000000000000000000000000000000000000000000000000000000000000000000000000000000000000000000000000000000000000000000000000000000000000000000000000000000000000000000000000000000000000000000000000000000000000000000000000000000000000000000000000000000000000000000000000000000000000000000000000	0	1554726086
290.126495	400.000000	1598	0	3198	0.000000 	 PFSize: 	 401 	 HypVol: 	 80200.00000000 	 IGD: 	 0.00000000 	 GD: 	 0.00000000 	 MaxSpread: 	 800.00000000 	 DomOptimalPoints: 	 0 	0000000000000000000000000000000000000000000000000000000000000000000000000000000000000000000000000000000000000000000000000000000000000000000000000000000000000000000000000000000000000000000000000000000000000000000000000000000000000000000000000000000000000000000000000000000000000000000000000000000000000000000000000000000000000000000000000000000000000000000000000000000000000000000000000000000000000000	0	1554726091
351.960297	400.000000	3200	0	6398	1.000000 	 PFSize: 	 401 	 HypVol: 	 80200.00000000 	 IGD: 	 0.00000000 	 GD: 	 0.00000000 	 MaxSpread: 	 800.00000000 	 DomOptimalPoints: 	 0 	1111111111111111111111111111111111111111111111111111111111111111111111111111111111111111111111111111111111111111111111111111111111111111111111111111111111111111111111111111111111111111111111111111111111111111111111111111111111111111111111111111111111111111111111111111111111111111111111111111111111111111111111111111111111111111111111111111111111111111111111111111111111111111111111111111111111111111	0	1554726096
317.931580	400.000000	1600	0	3198	0.000000 	 PFSize: 	 401 	 HypVol: 	 80200.00000000 	 IGD: 	 0.00000000 	 GD: 	 0.00000000 	 MaxSpread: 	 800.00000000 	 DomOptimalPoints: 	 0 	0000000000000000000000000000000000000000000000000000000000000000000000000000000000000000000000000000000000000000000000000000000000000000000000000000000000000000000000000000000000000000000000000000000000000000000000000000000000000000000000000000000000000000000000000000000000000000000000000000000000000000000000000000000000000000000000000000000000000000000000000000000000000000000000000000000000000000	0	1554726101
277.646667	400.000000	1600	0	3200	0.000000 	 PFSize: 	 401 	 HypVol: 	 80200.00000000 	 IGD: 	 0.00000000 	 GD: 	 0.00000000 	 MaxSpread: 	 800.00000000 	 DomOptimalPoints: 	 0 	0000000000000000000000000000000000000000000000000000000000000000000000000000000000000000000000000000000000000000000000000000000000000000000000000000000000000000000000000000000000000000000000000000000000000000000000000000000000000000000000000000000000000000000000000000000000000000000000000000000000000000000000000000000000000000000000000000000000000000000000000000000000000000000000000000000000000000	0	1554726106
361.897400	400.000000	3200	0	9590	1.000000 	 PFSize: 	 401 	 HypVol: 	 80200.00000000 	 IGD: 	 0.00000000 	 GD: 	 0.00000000 	 MaxSpread: 	 800.00000000 	 DomOptimalPoints: 	 0 	1111111111111111111111111111111111111111111111111111111111111111111111111111111111111111111111111111111111111111111111111111111111111111111111111111111111111111111111111111111111111111111111111111111111111111111111111111111111111111111111111111111111111111111111111111111111111111111111111111111111111111111111111111111111111111111111111111111111111111111111111111111111111111111111111111111111111111	0	1554726111
309.524231	400.000000	1592	0	6388	0.000000 	 PFSize: 	 401 	 HypVol: 	 80200.00000000 	 IGD: 	 0.00000000 	 GD: 	 0.00000000 	 MaxSpread: 	 800.00000000 	 DomOptimalPoints: 	 0 	0000000000000000000000000000000000000000000000000000000000000000000000000000000000000000000000000000000000000000000000000000000000000000000000000000000000000000000000000000000000000000000000000000000000000000000000000000000000000000000000000000000000000000000000000000000000000000000000000000000000000000000000000000000000000000000000000000000000000000000000000000000000000000000000000000000000000000	0	1554726119
296.272339	400.000000	4788	0	6388	0.000000 	 PFSize: 	 401 	 HypVol: 	 80200.00000000 	 IGD: 	 0.00000000 	 GD: 	 0.00000000 	 MaxSpread: 	 800.00000000 	 DomOptimalPoints: 	 0 	0000000000000000000000000000000000000000000000000000000000000000000000000000000000000000000000000000000000000000000000000000000000000000000000000000000000000000000000000000000000000000000000000000000000000000000000000000000000000000000000000000000000000000000000000000000000000000000000000000000000000000000000000000000000000000000000000000000000000000000000000000000000000000000000000000000000000000	1	1554726124
321.092834	400.000000	1596	0	3194	1.000000 	 PFSize: 	 401 	 HypVol: 	 80200.00000000 	 IGD: 	 0.00000000 	 GD: 	 0.00000000 	 MaxSpread: 	 800.00000000 	 DomOptimalPoints: 	 0 	1111111111111111111111111111111111111111111111111111111111111111111111111111111111111111111111111111111111111111111111111111111111111111111111111111111111111111111111111111111111111111111111111111111111111111111111111111111111111111111111111111111111111111111111111111111111111111111111111111111111111111111111111111111111111111111111111111111111111111111111111111111111111111111111111111111111111111	0	1554726129
340.701904	400.000000	4800	1	4800	1.000000 	 PFSize: 	 401 	 HypVol: 	 80200.00000000 	 IGD: 	 0.00000000 	 GD: 	 0.00000000 	 MaxSpread: 	 800.00000000 	 DomOptimalPoints: 	 0 	1111111111111111111111111111111111111111111111111111111111111111111111111111111111111111111111111111111111111111111111111111111111111111111111111111111111111111111111111111111111111111111111111111111111111111111111111111111111111111111111111111111111111111111111111111111111111111111111111111111111111111111111111111111111111111111111111111111111111111111111111111111111111111111111111111111111111111	1	1554726134
382.999603	400.000000	4786	1	6386	0.000000 	 PFSize: 	 401 	 HypVol: 	 80200.00000000 	 IGD: 	 0.00000000 	 GD: 	 0.00000000 	 MaxSpread: 	 800.00000000 	 DomOptimalPoints: 	 0 	0000000000000000000000000000000000000000000000000000000000000000000000000000000000000000000000000000000000000000000000000000000000000000000000000000000000000000000000000000000000000000000000000000000000000000000000000000000000000000000000000000000000000000000000000000000000000000000000000000000000000000000000000000000000000000000000000000000000000000000000000000000000000000000000000000000000000000	1	1554726139
