22.500000	25.000000	983	1	7717	0.200000 	 PFSize: 	 6 	 HypVol: 	 15.00000000 	 IGD: 	 0.00000000 	 GD: 	 0.00000000 	 MaxSpread: 	 10.00000000 	 DomOptimalPoints: 	 0 	0000011111000000000000000	1	1554259913
22.500000	25.000000	5274	1	5274	0.000000 	 PFSize: 	 6 	 HypVol: 	 15.00000000 	 IGD: 	 0.00000000 	 GD: 	 0.00000000 	 MaxSpread: 	 10.00000000 	 DomOptimalPoints: 	 0 	0000000000000000000000000	1	1554259930
22.500000	25.000000	987	1	3513	1.000000 	 PFSize: 	 6 	 HypVol: 	 15.00000000 	 IGD: 	 0.00000000 	 GD: 	 0.00000000 	 MaxSpread: 	 10.00000000 	 DomOptimalPoints: 	 0 	1111111111111111111111111	1	1554259939
22.500000	25.000000	4192	0	8386	0.600000 	 PFSize: 	 6 	 HypVol: 	 15.00000000 	 IGD: 	 0.00000000 	 GD: 	 0.00000000 	 MaxSpread: 	 10.00000000 	 DomOptimalPoints: 	 0 	1111100000000001111111111	0	1554259951
22.500000	25.000000	3261	0	4613	0.000000 	 PFSize: 	 6 	 HypVol: 	 15.00000000 	 IGD: 	 0.00000000 	 GD: 	 0.00000000 	 MaxSpread: 	 10.00000000 	 DomOptimalPoints: 	 0 	0000000000000000000000000	0	1554259958
22.500000	25.000000	5197	0	8143	0.200000 	 PFSize: 	 6 	 HypVol: 	 15.00000000 	 IGD: 	 0.00000000 	 GD: 	 0.00000000 	 MaxSpread: 	 10.00000000 	 DomOptimalPoints: 	 0 	0000011111000000000000000	0	1554259972
22.500000	25.000000	3201	0	5376	0.800000 	 PFSize: 	 6 	 HypVol: 	 15.00000000 	 IGD: 	 0.00000000 	 GD: 	 0.00000000 	 MaxSpread: 	 10.00000000 	 DomOptimalPoints: 	 0 	1111111111111111111100000	0	1554259972
22.500000	25.000000	5018	0	7867	0.200000 	 PFSize: 	 6 	 HypVol: 	 15.00000000 	 IGD: 	 0.00000000 	 GD: 	 0.00000000 	 MaxSpread: 	 10.00000000 	 DomOptimalPoints: 	 0 	0000000000000001111100000	0	1554259987
22.500000	25.000000	4900	0	7830	0.200000 	 PFSize: 	 6 	 HypVol: 	 15.00000000 	 IGD: 	 0.00000000 	 GD: 	 0.00000000 	 MaxSpread: 	 10.00000000 	 DomOptimalPoints: 	 0 	0000000000000001111100000	1	1554259987
22.500000	25.000000	1719	0	3947	0.000000 	 PFSize: 	 6 	 HypVol: 	 15.00000000 	 IGD: 	 0.00000000 	 GD: 	 0.00000000 	 MaxSpread: 	 10.00000000 	 DomOptimalPoints: 	 0 	0000000000000000000000000	0	1554260015
22.500000	25.000000	1055	3	9153	0.800000 	 PFSize: 	 6 	 HypVol: 	 15.00000000 	 IGD: 	 0.00000000 	 GD: 	 0.00000000 	 MaxSpread: 	 10.00000000 	 DomOptimalPoints: 	 0 	1111111111000001111111111	7	1554260023
22.500000	25.000000	1263	0	8007	0.600000 	 PFSize: 	 6 	 HypVol: 	 15.00000000 	 IGD: 	 0.00000000 	 GD: 	 0.00000000 	 MaxSpread: 	 10.00000000 	 DomOptimalPoints: 	 0 	1111111111111110000000000	0	1554260047
22.500000	25.000000	3084	3	8073	0.800000 	 PFSize: 	 6 	 HypVol: 	 15.00000000 	 IGD: 	 0.00000000 	 GD: 	 0.00000000 	 MaxSpread: 	 10.00000000 	 DomOptimalPoints: 	 0 	1111111111111111111100000	5	1554260052
22.500000	25.000000	3559	0	8628	0.400000 	 PFSize: 	 6 	 HypVol: 	 15.00000000 	 IGD: 	 0.00000000 	 GD: 	 0.00000000 	 MaxSpread: 	 10.00000000 	 DomOptimalPoints: 	 0 	0000000000111110000011111	0	1554260077
22.500000	25.000000	3175	0	8606	0.200000 	 PFSize: 	 6 	 HypVol: 	 15.00000000 	 IGD: 	 0.00000000 	 GD: 	 0.00000000 	 MaxSpread: 	 10.00000000 	 DomOptimalPoints: 	 0 	1111100000000000000000000	0	1554260081
22.500000	25.000000	8149	0	13181	0.000000 	 PFSize: 	 6 	 HypVol: 	 15.00000000 	 IGD: 	 0.00000000 	 GD: 	 0.00000000 	 MaxSpread: 	 10.00000000 	 DomOptimalPoints: 	 0 	0000000000000000000000000	1	1554260107
22.500000	25.000000	1126	1	9616	0.600000 	 PFSize: 	 6 	 HypVol: 	 15.00000000 	 IGD: 	 0.00000000 	 GD: 	 0.00000000 	 MaxSpread: 	 10.00000000 	 DomOptimalPoints: 	 0 	1111111111111110000000000	1	1554260107
22.500000	25.000000	3255	4	8180	0.200000 	 PFSize: 	 6 	 HypVol: 	 15.00000000 	 IGD: 	 0.00000000 	 GD: 	 0.00000000 	 MaxSpread: 	 10.00000000 	 DomOptimalPoints: 	 0 	0000000000000000000011111	4	1554260121
22.500000	25.000000	5081	0	8602	0.000000 	 PFSize: 	 6 	 HypVol: 	 15.00000000 	 IGD: 	 0.00000000 	 GD: 	 0.00000000 	 MaxSpread: 	 10.00000000 	 DomOptimalPoints: 	 0 	0000000000000000000000000	0	1554260127
22.500000	25.000000	3197	3	7989	0.800000 	 PFSize: 	 6 	 HypVol: 	 15.00000000 	 IGD: 	 0.00000000 	 GD: 	 0.00000000 	 MaxSpread: 	 10.00000000 	 DomOptimalPoints: 	 0 	0000011111111111111111111	7	1554260133
22.500000	25.000000	1078	0	7873	0.400000 	 PFSize: 	 6 	 HypVol: 	 15.00000000 	 IGD: 	 0.00000000 	 GD: 	 0.00000000 	 MaxSpread: 	 10.00000000 	 DomOptimalPoints: 	 0 	0000011111111110000000000	0	1554260152
22.500000	25.000000	3325	0	8304	0.800000 	 PFSize: 	 6 	 HypVol: 	 15.00000000 	 IGD: 	 0.00000000 	 GD: 	 0.00000000 	 MaxSpread: 	 10.00000000 	 DomOptimalPoints: 	 0 	1111100000111111111111111	2	1554260173
22.500000	25.000000	971	0	8154	0.800000 	 PFSize: 	 6 	 HypVol: 	 15.00000000 	 IGD: 	 0.00000000 	 GD: 	 0.00000000 	 MaxSpread: 	 10.00000000 	 DomOptimalPoints: 	 0 	1111111111000001111111111	0	1554260178
22.500000	25.000000	6166	0	10559	0.400000 	 PFSize: 	 6 	 HypVol: 	 15.00000000 	 IGD: 	 0.00000000 	 GD: 	 0.00000000 	 MaxSpread: 	 10.00000000 	 DomOptimalPoints: 	 0 	0000000000000001111111111	0	1554260178
22.500000	25.000000	4335	0	8244	0.200000 	 PFSize: 	 6 	 HypVol: 	 15.00000000 	 IGD: 	 0.00000000 	 GD: 	 0.00000000 	 MaxSpread: 	 10.00000000 	 DomOptimalPoints: 	 0 	0000000000111110000000000	0	1554260186
22.500000	25.000000	5147	0	9393	0.000000 	 PFSize: 	 6 	 HypVol: 	 15.00000000 	 IGD: 	 0.00000000 	 GD: 	 0.00000000 	 MaxSpread: 	 10.00000000 	 DomOptimalPoints: 	 0 	0000000000000000000000000	0	1554260191
22.500000	25.000000	5705	0	8670	0.000000 	 PFSize: 	 6 	 HypVol: 	 15.00000000 	 IGD: 	 0.00000000 	 GD: 	 0.00000000 	 MaxSpread: 	 10.00000000 	 DomOptimalPoints: 	 0 	0000000000000000000000000	0	1554260196
22.500000	25.000000	3271	0	5512	0.000000 	 PFSize: 	 6 	 HypVol: 	 15.00000000 	 IGD: 	 0.00000000 	 GD: 	 0.00000000 	 MaxSpread: 	 10.00000000 	 DomOptimalPoints: 	 0 	0000000000000000000000000	0	1554260201
22.500000	25.000000	5261	0	9339	0.000000 	 PFSize: 	 6 	 HypVol: 	 15.00000000 	 IGD: 	 0.00000000 	 GD: 	 0.00000000 	 MaxSpread: 	 10.00000000 	 DomOptimalPoints: 	 0 	0000000000000000000000000	0	1554260209
22.500000	25.000000	4370	0	8395	0.600000 	 PFSize: 	 6 	 HypVol: 	 15.00000000 	 IGD: 	 0.00000000 	 GD: 	 0.00000000 	 MaxSpread: 	 10.00000000 	 DomOptimalPoints: 	 0 	0000000000111111111111111	0	1554260214
22.500000	25.000000	5049	0	8386	0.200000 	 PFSize: 	 6 	 HypVol: 	 15.00000000 	 IGD: 	 0.00000000 	 GD: 	 0.00000000 	 MaxSpread: 	 10.00000000 	 DomOptimalPoints: 	 0 	0000000000000001111100000	0	1554260219
22.500000	25.000000	5387	0	8826	0.000000 	 PFSize: 	 6 	 HypVol: 	 15.00000000 	 IGD: 	 0.00000000 	 GD: 	 0.00000000 	 MaxSpread: 	 10.00000000 	 DomOptimalPoints: 	 0 	0000000000000000000000000	1	1554260224
22.500000	25.000000	5098	0	9043	0.400000 	 PFSize: 	 6 	 HypVol: 	 15.00000000 	 IGD: 	 0.00000000 	 GD: 	 0.00000000 	 MaxSpread: 	 10.00000000 	 DomOptimalPoints: 	 0 	0000000000000001111111111	0	1554260230
22.500000	25.000000	2874	0	7831	0.200000 	 PFSize: 	 6 	 HypVol: 	 15.00000000 	 IGD: 	 0.00000000 	 GD: 	 0.00000000 	 MaxSpread: 	 10.00000000 	 DomOptimalPoints: 	 0 	0000000000000001111100000	0	1554260238
22.500000	25.000000	1076	0	7866	0.200000 	 PFSize: 	 6 	 HypVol: 	 15.00000000 	 IGD: 	 0.00000000 	 GD: 	 0.00000000 	 MaxSpread: 	 10.00000000 	 DomOptimalPoints: 	 0 	0000011111000000000000000	0	1554260243
22.500000	25.000000	5214	0	12312	0.000000 	 PFSize: 	 6 	 HypVol: 	 15.00000000 	 IGD: 	 0.00000000 	 GD: 	 0.00000000 	 MaxSpread: 	 10.00000000 	 DomOptimalPoints: 	 0 	0000000000000000000000000	0	1554260248
22.500000	25.000000	4073	0	8003	0.000000 	 PFSize: 	 6 	 HypVol: 	 15.00000000 	 IGD: 	 0.00000000 	 GD: 	 0.00000000 	 MaxSpread: 	 10.00000000 	 DomOptimalPoints: 	 0 	0000000000000000000000000	0	1554260253
22.500000	25.000000	5089	0	8784	0.200000 	 PFSize: 	 6 	 HypVol: 	 15.00000000 	 IGD: 	 0.00000000 	 GD: 	 0.00000000 	 MaxSpread: 	 10.00000000 	 DomOptimalPoints: 	 0 	0000000000000000000011111	0	1554260258
22.500000	25.000000	1722	0	12242	0.000000 	 PFSize: 	 6 	 HypVol: 	 15.00000000 	 IGD: 	 0.00000000 	 GD: 	 0.00000000 	 MaxSpread: 	 10.00000000 	 DomOptimalPoints: 	 0 	0000000000000000000000000	0	1554260266
22.500000	25.000000	968	0	9650	0.400000 	 PFSize: 	 6 	 HypVol: 	 15.00000000 	 IGD: 	 0.00000000 	 GD: 	 0.00000000 	 MaxSpread: 	 10.00000000 	 DomOptimalPoints: 	 0 	0000000000000001111111111	0	1554260271
22.500000	25.000000	3388	0	8217	0.200000 	 PFSize: 	 6 	 HypVol: 	 15.00000000 	 IGD: 	 0.00000000 	 GD: 	 0.00000000 	 MaxSpread: 	 10.00000000 	 DomOptimalPoints: 	 0 	1111100000000000000000000	0	1554260276
22.500000	25.000000	3369	0	8885	0.600000 	 PFSize: 	 6 	 HypVol: 	 15.00000000 	 IGD: 	 0.00000000 	 GD: 	 0.00000000 	 MaxSpread: 	 10.00000000 	 DomOptimalPoints: 	 0 	0000011111111110000011111	0	1554260281
22.500000	25.000000	434	0	1298	0.400000 	 PFSize: 	 6 	 HypVol: 	 15.00000000 	 IGD: 	 0.00000000 	 GD: 	 0.00000000 	 MaxSpread: 	 10.00000000 	 DomOptimalPoints: 	 0 	0000011111111110000000000	0	1554260286
22.500000	25.000000	5331	0	10248	0.200000 	 PFSize: 	 6 	 HypVol: 	 15.00000000 	 IGD: 	 0.00000000 	 GD: 	 0.00000000 	 MaxSpread: 	 10.00000000 	 DomOptimalPoints: 	 0 	0000000000000001111100000	0	1554260291
22.500000	25.000000	1868	0	8940	0.200000 	 PFSize: 	 6 	 HypVol: 	 15.00000000 	 IGD: 	 0.00000000 	 GD: 	 0.00000000 	 MaxSpread: 	 10.00000000 	 DomOptimalPoints: 	 0 	0000000000111110000000000	0	1554260299
22.500000	25.000000	5974	0	5974	0.000000 	 PFSize: 	 6 	 HypVol: 	 15.00000000 	 IGD: 	 0.00000000 	 GD: 	 0.00000000 	 MaxSpread: 	 10.00000000 	 DomOptimalPoints: 	 0 	0000000000000000000000000	0	1554260304
22.500000	25.000000	1241	0	5171	0.800000 	 PFSize: 	 6 	 HypVol: 	 15.00000000 	 IGD: 	 0.00000000 	 GD: 	 0.00000000 	 MaxSpread: 	 10.00000000 	 DomOptimalPoints: 	 0 	1111111111111110000011111	0	1554260309
22.500000	25.000000	378	0	8676	1.000000 	 PFSize: 	 6 	 HypVol: 	 15.00000000 	 IGD: 	 0.00000000 	 GD: 	 0.00000000 	 MaxSpread: 	 10.00000000 	 DomOptimalPoints: 	 0 	1111111111111111111111111	0	1554260314
22.500000	25.000000	1761	0	3487	0.200000 	 PFSize: 	 6 	 HypVol: 	 15.00000000 	 IGD: 	 0.00000000 	 GD: 	 0.00000000 	 MaxSpread: 	 10.00000000 	 DomOptimalPoints: 	 0 	0000000000000001111100000	0	1554260319
22.500000	25.000000	3069	0	3678	0.000000 	 PFSize: 	 6 	 HypVol: 	 15.00000000 	 IGD: 	 0.00000000 	 GD: 	 0.00000000 	 MaxSpread: 	 10.00000000 	 DomOptimalPoints: 	 0 	0000000000000000000000000	0	1554260327
45.000000	50.000000	17317	1	39982	0.000000 	 PFSize: 	 11 	 HypVol: 	 55.00000000 	 IGD: 	 0.00000000 	 GD: 	 0.00000000 	 MaxSpread: 	 20.00000000 	 DomOptimalPoints: 	 0 	00000000000000000000000000000000000000000000000000	1	1554260332
45.000000	50.000000	1999	0	36270	0.700000 	 PFSize: 	 11 	 HypVol: 	 55.00000000 	 IGD: 	 0.00000000 	 GD: 	 0.00000000 	 MaxSpread: 	 20.00000000 	 DomOptimalPoints: 	 0 	11111111111111111111000000000011111000001111111111	0	1554260338
45.000000	50.000000	7242	0	18997	0.100000 	 PFSize: 	 11 	 HypVol: 	 55.00000000 	 IGD: 	 0.00000000 	 GD: 	 0.00000000 	 MaxSpread: 	 20.00000000 	 DomOptimalPoints: 	 0 	00000000000000000000000000000011111000000000000000	0	1554260343
45.000000	50.000000	11543	0	257947	0.200000 	 PFSize: 	 11 	 HypVol: 	 55.00000000 	 IGD: 	 0.00000000 	 GD: 	 0.00000000 	 MaxSpread: 	 20.00000000 	 DomOptimalPoints: 	 0 	00000000000000000000111110000011111000000000000000	1	1554260348
45.000000	50.000000	11208	0	50002	0.100000 	 PFSize: 	 11 	 HypVol: 	 55.00000000 	 IGD: 	 0.00000000 	 GD: 	 0.00000000 	 MaxSpread: 	 20.00000000 	 DomOptimalPoints: 	 0 	00000000000000000000000000000011111000000000000000	0	1554260353
45.000000	50.000000	18939	0	126257	0.000000 	 PFSize: 	 11 	 HypVol: 	 55.00000000 	 IGD: 	 0.00000000 	 GD: 	 0.00000000 	 MaxSpread: 	 20.00000000 	 DomOptimalPoints: 	 0 	00000000000000000000000000000000000000000000000000	0	1554260361
45.000000	50.000000	27628	0	57582	0.300000 	 PFSize: 	 11 	 HypVol: 	 55.00000000 	 IGD: 	 0.00000000 	 GD: 	 0.00000000 	 MaxSpread: 	 20.00000000 	 DomOptimalPoints: 	 0 	00000000000000011111000000000011111000001111100000	0	1554260366
45.000000	50.000000	19525	0	173595	0.400000 	 PFSize: 	 11 	 HypVol: 	 55.00000000 	 IGD: 	 0.00000000 	 GD: 	 0.00000000 	 MaxSpread: 	 20.00000000 	 DomOptimalPoints: 	 0 	00000000000000011111000001111100000111110000011111	1	1554260371
45.000000	50.000000	19699	0	41676	0.000000 	 PFSize: 	 11 	 HypVol: 	 55.00000000 	 IGD: 	 0.00000000 	 GD: 	 0.00000000 	 MaxSpread: 	 20.00000000 	 DomOptimalPoints: 	 0 	00000000000000000000000000000000000000000000000000	0	1554260376
45.000000	50.000000	19640	0	45576	0.300000 	 PFSize: 	 11 	 HypVol: 	 55.00000000 	 IGD: 	 0.00000000 	 GD: 	 0.00000000 	 MaxSpread: 	 20.00000000 	 DomOptimalPoints: 	 0 	00000111110000000000111110000000000111110000000000	0	1554260381
45.000000	50.000000	86493	0	121197	0.300000 	 PFSize: 	 11 	 HypVol: 	 55.00000000 	 IGD: 	 0.00000000 	 GD: 	 0.00000000 	 MaxSpread: 	 20.00000000 	 DomOptimalPoints: 	 0 	00000000000000011111111110000000000111110000000000	0	1554260386
45.000000	50.000000	3357	0	43710	0.100000 	 PFSize: 	 11 	 HypVol: 	 55.00000000 	 IGD: 	 0.00000000 	 GD: 	 0.00000000 	 MaxSpread: 	 20.00000000 	 DomOptimalPoints: 	 0 	00000000000000000000000000000000000111110000000000	0	1554260391
45.000000	50.000000	20500	0	43558	0.800000 	 PFSize: 	 11 	 HypVol: 	 55.00000000 	 IGD: 	 0.00000000 	 GD: 	 0.00000000 	 MaxSpread: 	 20.00000000 	 DomOptimalPoints: 	 0 	11111111110000011111111111111111111111110000011111	0	1554260399
45.000000	50.000000	20036	0	76080	0.500000 	 PFSize: 	 11 	 HypVol: 	 55.00000000 	 IGD: 	 0.00000000 	 GD: 	 0.00000000 	 MaxSpread: 	 20.00000000 	 DomOptimalPoints: 	 0 	11111111110000000000111111111100000000000000011111	0	1554260404
45.000000	50.000000	20102	0	36675	0.300000 	 PFSize: 	 11 	 HypVol: 	 55.00000000 	 IGD: 	 0.00000000 	 GD: 	 0.00000000 	 MaxSpread: 	 20.00000000 	 DomOptimalPoints: 	 0 	11111111110000000000000001111100000000000000000000	0	1554260409
45.000000	50.000000	45683	0	273312	0.200000 	 PFSize: 	 11 	 HypVol: 	 55.00000000 	 IGD: 	 0.00000000 	 GD: 	 0.00000000 	 MaxSpread: 	 20.00000000 	 DomOptimalPoints: 	 0 	00000000000000011111000001111100000000000000000000	1	1554260414
45.000000	50.000000	12541	0	31978	0.100000 	 PFSize: 	 11 	 HypVol: 	 55.00000000 	 IGD: 	 0.00000000 	 GD: 	 0.00000000 	 MaxSpread: 	 20.00000000 	 DomOptimalPoints: 	 0 	00000000000000000000000001111100000000000000000000	0	1554260419
45.000000	50.000000	49858	0	131905	0.500000 	 PFSize: 	 11 	 HypVol: 	 55.00000000 	 IGD: 	 0.00000000 	 GD: 	 0.00000000 	 MaxSpread: 	 20.00000000 	 DomOptimalPoints: 	 0 	00000111111111100000111110000000000111111111100000	1	1554260424
45.000000	50.000000	19235	0	122339	0.000000 	 PFSize: 	 11 	 HypVol: 	 55.00000000 	 IGD: 	 0.00000000 	 GD: 	 0.00000000 	 MaxSpread: 	 20.00000000 	 DomOptimalPoints: 	 0 	00000000000000000000000000000000000000000000000000	1	1554260432
45.000000	50.000000	6913	0	25676	0.100000 	 PFSize: 	 11 	 HypVol: 	 55.00000000 	 IGD: 	 0.00000000 	 GD: 	 0.00000000 	 MaxSpread: 	 20.00000000 	 DomOptimalPoints: 	 0 	00000000000000000000000000000000000111110000000000	0	1554260437
45.000000	50.000000	6612	0	60632	0.300000 	 PFSize: 	 11 	 HypVol: 	 55.00000000 	 IGD: 	 0.00000000 	 GD: 	 0.00000000 	 MaxSpread: 	 20.00000000 	 DomOptimalPoints: 	 0 	11111000001111100000000000000011111000000000000000	1	1554260442
45.000000	50.000000	24029	1	59446	0.100000 	 PFSize: 	 11 	 HypVol: 	 55.00000000 	 IGD: 	 0.00000000 	 GD: 	 0.00000000 	 MaxSpread: 	 20.00000000 	 DomOptimalPoints: 	 0 	00000000000000000000000000000000000000000000011111	1	1554260447
45.000000	50.000000	16018	1	46019	0.100000 	 PFSize: 	 11 	 HypVol: 	 55.00000000 	 IGD: 	 0.00000000 	 GD: 	 0.00000000 	 MaxSpread: 	 20.00000000 	 DomOptimalPoints: 	 0 	00000000000000000000000000000011111000000000000000	1	1554260452
45.000000	50.000000	11361	0	139194	0.300000 	 PFSize: 	 11 	 HypVol: 	 55.00000000 	 IGD: 	 0.00000000 	 GD: 	 0.00000000 	 MaxSpread: 	 20.00000000 	 DomOptimalPoints: 	 0 	00000000000000000000000001111111111111110000000000	0	1554260458
45.000000	50.000000	19380	0	126690	0.600000 	 PFSize: 	 11 	 HypVol: 	 55.00000000 	 IGD: 	 0.00000000 	 GD: 	 0.00000000 	 MaxSpread: 	 20.00000000 	 DomOptimalPoints: 	 0 	11111111110000000000000001111111111000001111111111	0	1554260466
45.000000	50.000000	24279	0	41066	0.300000 	 PFSize: 	 11 	 HypVol: 	 55.00000000 	 IGD: 	 0.00000000 	 GD: 	 0.00000000 	 MaxSpread: 	 20.00000000 	 DomOptimalPoints: 	 0 	00000000000000000000000001111100000111111111100000	0	1554260471
45.000000	50.000000	24218	0	36110	0.100000 	 PFSize: 	 11 	 HypVol: 	 55.00000000 	 IGD: 	 0.00000000 	 GD: 	 0.00000000 	 MaxSpread: 	 20.00000000 	 DomOptimalPoints: 	 0 	00000000000000000000000000000011111000000000000000	0	1554260476
45.000000	50.000000	23687	0	38880	0.200000 	 PFSize: 	 11 	 HypVol: 	 55.00000000 	 IGD: 	 0.00000000 	 GD: 	 0.00000000 	 MaxSpread: 	 20.00000000 	 DomOptimalPoints: 	 0 	00000111110000011111000000000000000000000000000000	0	1554260481
45.000000	50.000000	10606	0	39970	0.300000 	 PFSize: 	 11 	 HypVol: 	 55.00000000 	 IGD: 	 0.00000000 	 GD: 	 0.00000000 	 MaxSpread: 	 20.00000000 	 DomOptimalPoints: 	 0 	11111000000000000000111110000011111000000000000000	0	1554260486
45.000000	50.000000	20070	0	42808	0.800000 	 PFSize: 	 11 	 HypVol: 	 55.00000000 	 IGD: 	 0.00000000 	 GD: 	 0.00000000 	 MaxSpread: 	 20.00000000 	 DomOptimalPoints: 	 0 	11111111111111111111000001111111111111111111100000	0	1554260491
45.000000	50.000000	9027	0	19102	0.700000 	 PFSize: 	 11 	 HypVol: 	 55.00000000 	 IGD: 	 0.00000000 	 GD: 	 0.00000000 	 MaxSpread: 	 20.00000000 	 DomOptimalPoints: 	 0 	11111000001111100000111110000011111111111111111111	0	1554260496
45.000000	50.000000	9153	0	40779	0.300000 	 PFSize: 	 11 	 HypVol: 	 55.00000000 	 IGD: 	 0.00000000 	 GD: 	 0.00000000 	 MaxSpread: 	 20.00000000 	 DomOptimalPoints: 	 0 	00000000000000000000111111111111111000000000000000	0	1554260504
45.000000	50.000000	3310	0	118518	0.000000 	 PFSize: 	 11 	 HypVol: 	 55.00000000 	 IGD: 	 0.00000000 	 GD: 	 0.00000000 	 MaxSpread: 	 20.00000000 	 DomOptimalPoints: 	 0 	00000000000000000000000000000000000000000000000000	0	1554260517
45.000000	50.000000	10811	0	38814	0.700000 	 PFSize: 	 11 	 HypVol: 	 55.00000000 	 IGD: 	 0.00000000 	 GD: 	 0.00000000 	 MaxSpread: 	 20.00000000 	 DomOptimalPoints: 	 0 	00000111111111111111000001111100000111111111111111	0	1554260522
45.000000	50.000000	19381	0	109215	0.500000 	 PFSize: 	 11 	 HypVol: 	 55.00000000 	 IGD: 	 0.00000000 	 GD: 	 0.00000000 	 MaxSpread: 	 20.00000000 	 DomOptimalPoints: 	 0 	00000000000000011111111111111111111000001111100000	0	1554260528
45.000000	50.000000	42205	0	45294	0.100000 	 PFSize: 	 11 	 HypVol: 	 55.00000000 	 IGD: 	 0.00000000 	 GD: 	 0.00000000 	 MaxSpread: 	 20.00000000 	 DomOptimalPoints: 	 0 	00000000000000000000000000000000000111110000000000	0	1554260531
45.000000	50.000000	6220	0	84570	0.300000 	 PFSize: 	 11 	 HypVol: 	 55.00000000 	 IGD: 	 0.00000000 	 GD: 	 0.00000000 	 MaxSpread: 	 20.00000000 	 DomOptimalPoints: 	 0 	00000000000000000000111110000000000000001111111111	1	1554260531
45.000000	50.000000	10915	0	119876	0.300000 	 PFSize: 	 11 	 HypVol: 	 55.00000000 	 IGD: 	 0.00000000 	 GD: 	 0.00000000 	 MaxSpread: 	 20.00000000 	 DomOptimalPoints: 	 0 	00000111110000000000000000000011111000000000011111	0	1554260536
45.000000	50.000000	16084	0	24246	0.000000 	 PFSize: 	 11 	 HypVol: 	 55.00000000 	 IGD: 	 0.00000000 	 GD: 	 0.00000000 	 MaxSpread: 	 20.00000000 	 DomOptimalPoints: 	 0 	00000000000000000000000000000000000000000000000000	0	1554260544
45.000000	50.000000	10068	0	18058	0.200000 	 PFSize: 	 11 	 HypVol: 	 55.00000000 	 IGD: 	 0.00000000 	 GD: 	 0.00000000 	 MaxSpread: 	 20.00000000 	 DomOptimalPoints: 	 0 	11111000000000000000000000000011111000000000000000	0	1554260549
45.000000	50.000000	26276	1	46597	0.300000 	 PFSize: 	 11 	 HypVol: 	 55.00000000 	 IGD: 	 0.00000000 	 GD: 	 0.00000000 	 MaxSpread: 	 20.00000000 	 DomOptimalPoints: 	 0 	00000000000000011111111110000011111000000000000000	1	1554260554
45.000000	50.000000	16577	0	41431	0.000000 	 PFSize: 	 11 	 HypVol: 	 55.00000000 	 IGD: 	 0.00000000 	 GD: 	 0.00000000 	 MaxSpread: 	 20.00000000 	 DomOptimalPoints: 	 0 	00000000000000000000000000000000000000000000000000	1	1554260560
45.000000	50.000000	18675	0	50118	0.100000 	 PFSize: 	 11 	 HypVol: 	 55.00000000 	 IGD: 	 0.00000000 	 GD: 	 0.00000000 	 MaxSpread: 	 20.00000000 	 DomOptimalPoints: 	 0 	00000000000000000000111110000000000000000000000000	0	1554260565
45.000000	50.000000	20146	0	80228	0.700000 	 PFSize: 	 11 	 HypVol: 	 55.00000000 	 IGD: 	 0.00000000 	 GD: 	 0.00000000 	 MaxSpread: 	 20.00000000 	 DomOptimalPoints: 	 0 	11111111110000011111111110000000000111111111111111	0	1554260570
45.000000	50.000000	12072	0	123593	0.500000 	 PFSize: 	 11 	 HypVol: 	 55.00000000 	 IGD: 	 0.00000000 	 GD: 	 0.00000000 	 MaxSpread: 	 20.00000000 	 DomOptimalPoints: 	 0 	00000111111111100000000000000000000111111111111111	1	1554260575
45.000000	50.000000	18089	0	46655	0.500000 	 PFSize: 	 11 	 HypVol: 	 55.00000000 	 IGD: 	 0.00000000 	 GD: 	 0.00000000 	 MaxSpread: 	 20.00000000 	 DomOptimalPoints: 	 0 	00000000001111100000111111111111111000000000011111	1	1554260583
45.000000	50.000000	36465	0	36465	0.000000 	 PFSize: 	 11 	 HypVol: 	 55.00000000 	 IGD: 	 0.00000000 	 GD: 	 0.00000000 	 MaxSpread: 	 20.00000000 	 DomOptimalPoints: 	 0 	00000000000000000000000000000000000000000000000000	0	1554260589
45.000000	50.000000	24142	0	36831	0.000000 	 PFSize: 	 11 	 HypVol: 	 55.00000000 	 IGD: 	 0.00000000 	 GD: 	 0.00000000 	 MaxSpread: 	 20.00000000 	 DomOptimalPoints: 	 0 	00000000000000000000000000000000000000000000000000	0	1554260594
45.000000	50.000000	8796	0	23497	0.200000 	 PFSize: 	 11 	 HypVol: 	 55.00000000 	 IGD: 	 0.00000000 	 GD: 	 0.00000000 	 MaxSpread: 	 20.00000000 	 DomOptimalPoints: 	 0 	00000000001111100000000000000000000111110000000000	0	1554260599
45.000000	50.000000	23904	0	41174	0.100000 	 PFSize: 	 11 	 HypVol: 	 55.00000000 	 IGD: 	 0.00000000 	 GD: 	 0.00000000 	 MaxSpread: 	 20.00000000 	 DomOptimalPoints: 	 0 	00000000000000000000000000000000000000001111100000	0	1554260604
90.000000	100.000000	20714	0	718178	0.150000 	 PFSize: 	 21 	 HypVol: 	 210.00000000 	 IGD: 	 0.00000000 	 GD: 	 0.00000000 	 MaxSpread: 	 40.00000000 	 DomOptimalPoints: 	 0 	1111100000000000000000000000000000000000000000000000000000000000000000000001111100000000001111100000	4	1554260609
90.000000	100.000000	167313	1	779636	0.650000 	 PFSize: 	 21 	 HypVol: 	 210.00000000 	 IGD: 	 0.00000000 	 GD: 	 0.00000000 	 MaxSpread: 	 40.00000000 	 DomOptimalPoints: 	 0 	0000011111000001111100000000001111111111111111111111111111110000000000111111111111111000001111111111	5	1554260614
90.000000	100.000000	183649	1	806943	0.200000 	 PFSize: 	 21 	 HypVol: 	 210.00000000 	 IGD: 	 0.00000000 	 GD: 	 0.00000000 	 MaxSpread: 	 40.00000000 	 DomOptimalPoints: 	 0 	0000000000000000000000000111110000000000111110000000000000000000000000000001111100000111110000000000	4	1554260623
90.000000	100.000000	7114	0	108136	0.350000 	 PFSize: 	 21 	 HypVol: 	 210.00000000 	 IGD: 	 0.00000000 	 GD: 	 0.00000000 	 MaxSpread: 	 40.00000000 	 DomOptimalPoints: 	 0 	0000011111000000000000000000000000000000111111111100000000000000011111111110000011111000001111100000	0	1554260628
90.000000	100.000000	15472	0	140455	0.250000 	 PFSize: 	 21 	 HypVol: 	 210.00000000 	 IGD: 	 0.00000000 	 GD: 	 0.00000000 	 MaxSpread: 	 40.00000000 	 DomOptimalPoints: 	 0 	0000011111111110000000000111110000000000000000000000000111110000000000000000000000000000001111100000	1	1554260633
90.000000	100.000000	34910	0	847057	0.400000 	 PFSize: 	 21 	 HypVol: 	 210.00000000 	 IGD: 	 0.00000000 	 GD: 	 0.00000000 	 MaxSpread: 	 40.00000000 	 DomOptimalPoints: 	 0 	0000011111000001111100000000000000000000111110000000000111110000000000111111111100000000001111111111	4	1554260638
90.000000	100.000000	35752	1	1460306	0.100000 	 PFSize: 	 21 	 HypVol: 	 210.00000000 	 IGD: 	 0.00000000 	 GD: 	 0.00000000 	 MaxSpread: 	 40.00000000 	 DomOptimalPoints: 	 0 	1111100000000000000000000000000000011111000000000000000000000000000000000000000000000000000000000000	9	1554260643
90.000000	100.000000	69686	1	353284	0.100000 	 PFSize: 	 21 	 HypVol: 	 210.00000000 	 IGD: 	 0.00000000 	 GD: 	 0.00000000 	 MaxSpread: 	 40.00000000 	 DomOptimalPoints: 	 0 	0000000000000000000000000000000000000000000000000000000000000000000000111111111100000000000000000000	2	1554260648
90.000000	100.000000	51453	0	136817	0.000000 	 PFSize: 	 21 	 HypVol: 	 210.00000000 	 IGD: 	 0.00000000 	 GD: 	 0.00000000 	 MaxSpread: 	 40.00000000 	 DomOptimalPoints: 	 0 	0000000000000000000000000000000000000000000000000000000000000000000000000000000000000000000000000000	0	1554260654
90.000000	100.000000	75591	0	366781	0.450000 	 PFSize: 	 21 	 HypVol: 	 210.00000000 	 IGD: 	 0.00000000 	 GD: 	 0.00000000 	 MaxSpread: 	 40.00000000 	 DomOptimalPoints: 	 0 	1111100000000000000000000111110000000000111110000011111111111111100000000000000011111111110000011111	2	1554260662
90.000000	100.000000	14831	0	344157	0.200000 	 PFSize: 	 21 	 HypVol: 	 210.00000000 	 IGD: 	 0.00000000 	 GD: 	 0.00000000 	 MaxSpread: 	 40.00000000 	 DomOptimalPoints: 	 0 	0000000000111111111100000000001111100000000000000000000111110000000000000000000000000000000000000000	2	1554260667
90.000000	100.000000	33069	0	712823	0.100000 	 PFSize: 	 21 	 HypVol: 	 210.00000000 	 IGD: 	 0.00000000 	 GD: 	 0.00000000 	 MaxSpread: 	 40.00000000 	 DomOptimalPoints: 	 0 	0000000000000000000000000000000000011111000000000000000000000000000000000000000000000111110000000000	4	1554260672
90.000000	100.000000	123757	0	202446	0.050000 	 PFSize: 	 21 	 HypVol: 	 210.00000000 	 IGD: 	 0.00000000 	 GD: 	 0.00000000 	 MaxSpread: 	 40.00000000 	 DomOptimalPoints: 	 0 	0000000000000000000000000000000000000000000000000000000000000000000000000000000011111000000000000000	2	1554260686
90.000000	100.000000	37067	0	67022	0.050000 	 PFSize: 	 21 	 HypVol: 	 210.00000000 	 IGD: 	 0.00000000 	 GD: 	 0.00000000 	 MaxSpread: 	 40.00000000 	 DomOptimalPoints: 	 0 	0000000000000000000000000000000000000000000000000000000111110000000000000000000000000000000000000000	0	1554260691
90.000000	100.000000	80407	1	585514	0.100000 	 PFSize: 	 21 	 HypVol: 	 210.00000000 	 IGD: 	 0.00000000 	 GD: 	 0.00000000 	 MaxSpread: 	 40.00000000 	 DomOptimalPoints: 	 0 	0000000000000000000011111000000000000000000000000000000000000000000000000000000000000000001111100000	3	1554260696
90.000000	100.000000	21119	0	702373	0.450000 	 PFSize: 	 21 	 HypVol: 	 210.00000000 	 IGD: 	 0.00000000 	 GD: 	 0.00000000 	 MaxSpread: 	 40.00000000 	 DomOptimalPoints: 	 0 	1111100000000001111100000000000000011111111111111100000111110000011111111110000000000000001111100000	4	1554260700
90.000000	100.000000	35131	1	157599	0.100000 	 PFSize: 	 21 	 HypVol: 	 210.00000000 	 IGD: 	 0.00000000 	 GD: 	 0.00000000 	 MaxSpread: 	 40.00000000 	 DomOptimalPoints: 	 0 	1111100000000000000011111000000000000000000000000000000000000000000000000000000000000000000000000000	1	1554260701
90.000000	100.000000	16558	0	103574	0.150000 	 PFSize: 	 21 	 HypVol: 	 210.00000000 	 IGD: 	 0.00000000 	 GD: 	 0.00000000 	 MaxSpread: 	 40.00000000 	 DomOptimalPoints: 	 0 	0000000000000000000000000000000000000000000000000011111000000000011111111110000000000000000000000000	0	1554260708
90.000000	100.000000	248987	1	379518	0.200000 	 PFSize: 	 21 	 HypVol: 	 210.00000000 	 IGD: 	 0.00000000 	 GD: 	 0.00000000 	 MaxSpread: 	 40.00000000 	 DomOptimalPoints: 	 0 	1111100000000001111100000000000000011111000000000000000111110000000000000000000000000000000000000000	2	1554260712
90.000000	100.000000	16919	0	2452894	0.400000 	 PFSize: 	 21 	 HypVol: 	 210.00000000 	 IGD: 	 0.00000000 	 GD: 	 0.00000000 	 MaxSpread: 	 40.00000000 	 DomOptimalPoints: 	 0 	1111111111000000000011111000001111111111000001111100000000000000000000111110000000000000001111100000	11	1554260717
90.000000	100.000000	33261	0	87243	0.000000 	 PFSize: 	 21 	 HypVol: 	 210.00000000 	 IGD: 	 0.00000000 	 GD: 	 0.00000000 	 MaxSpread: 	 40.00000000 	 DomOptimalPoints: 	 0 	0000000000000000000000000000000000000000000000000000000000000000000000000000000000000000000000000000	0	1554260723
90.000000	100.000000	28803	0	76518	0.300000 	 PFSize: 	 21 	 HypVol: 	 210.00000000 	 IGD: 	 0.00000000 	 GD: 	 0.00000000 	 MaxSpread: 	 40.00000000 	 DomOptimalPoints: 	 0 	1111111111000000000000000000000000000000000000000000000000000000000000111111111111111000000000011111	0	1554260737
90.000000	100.000000	25172	1	55145	0.000000 	 PFSize: 	 21 	 HypVol: 	 210.00000000 	 IGD: 	 0.00000000 	 GD: 	 0.00000000 	 MaxSpread: 	 40.00000000 	 DomOptimalPoints: 	 0 	0000000000000000000000000000000000000000000000000000000000000000000000000000000000000000000000000000	1	1554260742
90.000000	100.000000	70149	0	119883	0.200000 	 PFSize: 	 21 	 HypVol: 	 210.00000000 	 IGD: 	 0.00000000 	 GD: 	 0.00000000 	 MaxSpread: 	 40.00000000 	 DomOptimalPoints: 	 0 	0000000000000000000011111000000000011111000000000000000000000000000000000001111100000000000000011111	1	1554260750
90.000000	100.000000	37482	1	84211	0.050000 	 PFSize: 	 21 	 HypVol: 	 210.00000000 	 IGD: 	 0.00000000 	 GD: 	 0.00000000 	 MaxSpread: 	 40.00000000 	 DomOptimalPoints: 	 0 	0000000000000001111100000000000000000000000000000000000000000000000000000000000000000000000000000000	1	1554260755
90.000000	100.000000	31342	0	91207	0.200000 	 PFSize: 	 21 	 HypVol: 	 210.00000000 	 IGD: 	 0.00000000 	 GD: 	 0.00000000 	 MaxSpread: 	 40.00000000 	 DomOptimalPoints: 	 0 	0000000000000000000011111111110000000000000000000000000000000000000000000000000011111000000000011111	0	1554260756
90.000000	100.000000	33521	0	115407	0.200000 	 PFSize: 	 21 	 HypVol: 	 210.00000000 	 IGD: 	 0.00000000 	 GD: 	 0.00000000 	 MaxSpread: 	 40.00000000 	 DomOptimalPoints: 	 0 	1111100000000000000000000000000000011111000000000000000000000000000000000001111100000000001111100000	0	1554260758
90.000000	100.000000	60014	0	65693	0.050000 	 PFSize: 	 21 	 HypVol: 	 210.00000000 	 IGD: 	 0.00000000 	 GD: 	 0.00000000 	 MaxSpread: 	 40.00000000 	 DomOptimalPoints: 	 0 	0000000000000000000000000000000000000000000000000000000000000000000000000000000000000000001111100000	0	1554260771
90.000000	100.000000	8722	1	64618	0.800000 	 PFSize: 	 21 	 HypVol: 	 210.00000000 	 IGD: 	 0.00000000 	 GD: 	 0.00000000 	 MaxSpread: 	 40.00000000 	 DomOptimalPoints: 	 0 	1111111111111110000011111111111111111111111111111100000111111111111111111110000011111111111111100000	1	1554260776
90.000000	100.000000	31894	1	1070632	0.150000 	 PFSize: 	 21 	 HypVol: 	 210.00000000 	 IGD: 	 0.00000000 	 GD: 	 0.00000000 	 MaxSpread: 	 40.00000000 	 DomOptimalPoints: 	 0 	0000000000000000000000000000000000000000111110000000000000000000000000000001111100000000000000011111	7	1554260782
90.000000	100.000000	9814	0	382576	0.450000 	 PFSize: 	 21 	 HypVol: 	 210.00000000 	 IGD: 	 0.00000000 	 GD: 	 0.00000000 	 MaxSpread: 	 40.00000000 	 DomOptimalPoints: 	 0 	1111100000000001111100000000001111100000111110000011111111110000011111000000000000000111110000011111	2	1554260787
90.000000	100.000000	51152	1	89967	0.300000 	 PFSize: 	 21 	 HypVol: 	 210.00000000 	 IGD: 	 0.00000000 	 GD: 	 0.00000000 	 MaxSpread: 	 40.00000000 	 DomOptimalPoints: 	 0 	0000000000000001111111111111110000000000111110000000000111110000000000000000000000000000001111100000	1	1554260787
90.000000	100.000000	37443	0	87976	0.000000 	 PFSize: 	 21 	 HypVol: 	 210.00000000 	 IGD: 	 0.00000000 	 GD: 	 0.00000000 	 MaxSpread: 	 40.00000000 	 DomOptimalPoints: 	 0 	0000000000000000000000000000000000000000000000000000000000000000000000000000000000000000000000000000	1	1554260801
90.000000	100.000000	26192	0	40254	0.150000 	 PFSize: 	 21 	 HypVol: 	 210.00000000 	 IGD: 	 0.00000000 	 GD: 	 0.00000000 	 MaxSpread: 	 40.00000000 	 DomOptimalPoints: 	 0 	0000000000000001111100000000000000000000000000000011111000000000000000000000000000000000000000011111	0	1554260806
90.000000	100.000000	35721	0	502952	0.750000 	 PFSize: 	 21 	 HypVol: 	 210.00000000 	 IGD: 	 0.00000000 	 GD: 	 0.00000000 	 MaxSpread: 	 40.00000000 	 DomOptimalPoints: 	 0 	0000011111111110000011111111111111111111111111111111111111111111111111000001111111111111110000000000	2	1554260812
90.000000	100.000000	4334	0	64920	0.400000 	 PFSize: 	 21 	 HypVol: 	 210.00000000 	 IGD: 	 0.00000000 	 GD: 	 0.00000000 	 MaxSpread: 	 40.00000000 	 DomOptimalPoints: 	 0 	1111111111000000000011111111110000000000000000000011111000001111111111000001111100000000000000000000	0	1554260817
90.000000	100.000000	12526	0	334049	0.200000 	 PFSize: 	 21 	 HypVol: 	 210.00000000 	 IGD: 	 0.00000000 	 GD: 	 0.00000000 	 MaxSpread: 	 40.00000000 	 DomOptimalPoints: 	 0 	0000011111000000000011111000000000000000000000000000000000000000011111000000000011111000000000000000	2	1554260818
90.000000	100.000000	6862	0	378544	0.450000 	 PFSize: 	 21 	 HypVol: 	 210.00000000 	 IGD: 	 0.00000000 	 GD: 	 0.00000000 	 MaxSpread: 	 40.00000000 	 DomOptimalPoints: 	 0 	1111100000111110000011111111110000000000000001111100000111111111100000111111111100000000000000000000	2	1554260822
90.000000	100.000000	56057	0	386337	0.300000 	 PFSize: 	 21 	 HypVol: 	 210.00000000 	 IGD: 	 0.00000000 	 GD: 	 0.00000000 	 MaxSpread: 	 40.00000000 	 DomOptimalPoints: 	 0 	0000011111000001111100000000001111100000000000000000000000001111100000000000000011111000000000011111	2	1554260827
90.000000	100.000000	6140	0	88341	0.500000 	 PFSize: 	 21 	 HypVol: 	 210.00000000 	 IGD: 	 0.00000000 	 GD: 	 0.00000000 	 MaxSpread: 	 40.00000000 	 DomOptimalPoints: 	 0 	1111100000000000000000000000001111111111111110000000000111110000011111111110000000000111111111111111	0	1554260832
90.000000	100.000000	238398	1	345585	0.150000 	 PFSize: 	 21 	 HypVol: 	 210.00000000 	 IGD: 	 0.00000000 	 GD: 	 0.00000000 	 MaxSpread: 	 40.00000000 	 DomOptimalPoints: 	 0 	0000011111000000000011111000000000000000000000000000000000000000000000000000000000000111110000000000	2	1554260837
90.000000	100.000000	37690	0	56221	0.100000 	 PFSize: 	 21 	 HypVol: 	 210.00000000 	 IGD: 	 0.00000000 	 GD: 	 0.00000000 	 MaxSpread: 	 40.00000000 	 DomOptimalPoints: 	 0 	0000000000000000000000000000000000000000000000000000000000000000000000000000000011111111110000000000	0	1554260842
90.000000	100.000000	30644	0	50086	0.150000 	 PFSize: 	 21 	 HypVol: 	 210.00000000 	 IGD: 	 0.00000000 	 GD: 	 0.00000000 	 MaxSpread: 	 40.00000000 	 DomOptimalPoints: 	 0 	0000000000000000000000000111111111100000000001111100000000000000000000000000000000000000000000000000	0	1554260847
90.000000	100.000000	26063	0	415515	0.250000 	 PFSize: 	 21 	 HypVol: 	 210.00000000 	 IGD: 	 0.00000000 	 GD: 	 0.00000000 	 MaxSpread: 	 40.00000000 	 DomOptimalPoints: 	 0 	1111111111000000000000000000000000011111000000000011111000001111100000000000000000000000000000000000	2	1554260852
90.000000	100.000000	35076	0	57750	0.450000 	 PFSize: 	 21 	 HypVol: 	 210.00000000 	 IGD: 	 0.00000000 	 GD: 	 0.00000000 	 MaxSpread: 	 40.00000000 	 DomOptimalPoints: 	 0 	1111100000000000000000000000000000011111000000000011111000001111111111111110000011111111110000011111	0	1554260860
90.000000	100.000000	17558	0	58822	0.000000 	 PFSize: 	 21 	 HypVol: 	 210.00000000 	 IGD: 	 0.00000000 	 GD: 	 0.00000000 	 MaxSpread: 	 40.00000000 	 DomOptimalPoints: 	 0 	0000000000000000000000000000000000000000000000000000000000000000000000000000000000000000000000000000	0	1554260865
90.000000	100.000000	13234	0	56552	0.200000 	 PFSize: 	 21 	 HypVol: 	 210.00000000 	 IGD: 	 0.00000000 	 GD: 	 0.00000000 	 MaxSpread: 	 40.00000000 	 DomOptimalPoints: 	 0 	1111111111000000000000000000001111100000000000000000000000000000000000000000000000000000000000011111	1	1554260870
90.000000	100.000000	28141	1	123895	0.000000 	 PFSize: 	 21 	 HypVol: 	 210.00000000 	 IGD: 	 0.00000000 	 GD: 	 0.00000000 	 MaxSpread: 	 40.00000000 	 DomOptimalPoints: 	 0 	0000000000000000000000000000000000000000000000000000000000000000000000000000000000000000000000000000	1	1554260875
90.000000	100.000000	6453	0	368199	0.650000 	 PFSize: 	 21 	 HypVol: 	 210.00000000 	 IGD: 	 0.00000000 	 GD: 	 0.00000000 	 MaxSpread: 	 40.00000000 	 DomOptimalPoints: 	 0 	1111100000111110000011111111111111100000000001111111111111110000011111000001111111111111110000011111	3	1554260880
90.000000	100.000000	6874	1	83666	0.400000 	 PFSize: 	 21 	 HypVol: 	 210.00000000 	 IGD: 	 0.00000000 	 GD: 	 0.00000000 	 MaxSpread: 	 40.00000000 	 DomOptimalPoints: 	 0 	1111111111000000000000000111110000000000000001111100000000001111100000000001111100000111111111100000	1	1554260885
180.000000	200.000000	45638	0	242208	0.375000 	 PFSize: 	 41 	 HypVol: 	 820.00000000 	 IGD: 	 0.00000000 	 GD: 	 0.00000000 	 MaxSpread: 	 80.00000000 	 DomOptimalPoints: 	 0 	00000000000000000000111110000000000111110000000000111110000000000000000000000000000001111111111111110000000000111111111100000000000000000000111110000000000111111111111111111111111111111000000000000000	2	1554260890
180.000000	200.000000	24904	0	251277	0.525000 	 PFSize: 	 41 	 HypVol: 	 820.00000000 	 IGD: 	 0.00000000 	 GD: 	 0.00000000 	 MaxSpread: 	 80.00000000 	 DomOptimalPoints: 	 0 	11111000000000011111000001111100000000000000011111111111111100000111111111111111111111111111111000001111100000111111111100000000000000011111000000000000000111110000000000111111111100000000001111111111	1	1554260899
180.000000	200.000000	53164	0	313082	0.125000 	 PFSize: 	 41 	 HypVol: 	 820.00000000 	 IGD: 	 0.00000000 	 GD: 	 0.00000000 	 MaxSpread: 	 80.00000000 	 DomOptimalPoints: 	 0 	00000000000000000000000000000000000000000000000000000000000000000000000000000000111110000000000000000000000000000000000000000000000000000000111111111111111000000000011111000000000000000000000000000000	2	1554260904
180.000000	200.000000	113547	1	262510	0.850000 	 PFSize: 	 41 	 HypVol: 	 820.00000000 	 IGD: 	 0.00000000 	 GD: 	 0.00000000 	 MaxSpread: 	 80.00000000 	 DomOptimalPoints: 	 0 	11111000001111100000111111111111111000001111111111111111111111111111110000011111111111111111111111111111111111111111111111111111111111111111111110000011111111110000011111111111111111111111111111111111	2	1554260909
180.000000	200.000000	38954	0	499074	0.300000 	 PFSize: 	 41 	 HypVol: 	 820.00000000 	 IGD: 	 0.00000000 	 GD: 	 0.00000000 	 MaxSpread: 	 80.00000000 	 DomOptimalPoints: 	 0 	00000000000000011111000001111100000111111111100000000000000011111111110000000000000000000000000111110000000000000001111100000111110000000000000000000000000000001111100000111110000000000000000000011111	5	1554260914
180.000000	200.000000	29332	0	358384	0.200000 	 PFSize: 	 41 	 HypVol: 	 820.00000000 	 IGD: 	 0.00000000 	 GD: 	 0.00000000 	 MaxSpread: 	 80.00000000 	 DomOptimalPoints: 	 0 	00000000000000011111000000000000000000000000011111000001111111111000000000000000000000000000000000000000000000000000000000000000000000000000111110000011111000000000000000000001111100000111110000000000	2	1554260919
180.000000	200.000000	38984	0	261199	0.500000 	 PFSize: 	 41 	 HypVol: 	 820.00000000 	 IGD: 	 0.00000000 	 GD: 	 0.00000000 	 MaxSpread: 	 80.00000000 	 DomOptimalPoints: 	 0 	00000111111111111111111111111111111000000000011111000001111100000000000000011111000000000011111111111111100000111111111111111111110000000000111110000000000000000000011111111111111100000000000000000000	2	1554260924
180.000000	200.000000	70597	1	320959	0.550000 	 PFSize: 	 41 	 HypVol: 	 820.00000000 	 IGD: 	 0.00000000 	 GD: 	 0.00000000 	 MaxSpread: 	 80.00000000 	 DomOptimalPoints: 	 0 	00000111110000000000000001111111111111111111111111000000000011111111111111111111111111111100000111111111100000111111111111111111111111100000111110000011111000001111100000000000000000000000000000000000	2	1554260929
180.000000	200.000000	28116	0	308667	0.225000 	 PFSize: 	 41 	 HypVol: 	 820.00000000 	 IGD: 	 0.00000000 	 GD: 	 0.00000000 	 MaxSpread: 	 80.00000000 	 DomOptimalPoints: 	 0 	00000000001111100000000000000000000111111111100000111111111100000000000000011111000001111100000000000000000000000000000000000000000000000000000001111100000111110000000000000000000000000000000000000000	2	1554260937
180.000000	200.000000	25393	1	298779	0.900000 	 PFSize: 	 41 	 HypVol: 	 820.00000000 	 IGD: 	 0.00000000 	 GD: 	 0.00000000 	 MaxSpread: 	 80.00000000 	 DomOptimalPoints: 	 0 	11111111110000011111111111111111111111111111100000111111111111111111111111111111111111111111111111111111111111111111111111111111111111111111000000000011111111111111111111111111111111111111111111111111	2	1554260942
180.000000	200.000000	62914	1	265637	0.725000 	 PFSize: 	 41 	 HypVol: 	 820.00000000 	 IGD: 	 0.00000000 	 GD: 	 0.00000000 	 MaxSpread: 	 80.00000000 	 DomOptimalPoints: 	 0 	11111111111111100000111111111111111111111111111111000000000000000000001111111111111111111111111000001111111111111111111111111111111111100000000001111100000111111111111111111110000011111111111111100000	2	1554260947
180.000000	200.000000	77257	1	287169	0.150000 	 PFSize: 	 41 	 HypVol: 	 820.00000000 	 IGD: 	 0.00000000 	 GD: 	 0.00000000 	 MaxSpread: 	 80.00000000 	 DomOptimalPoints: 	 0 	11111000000000011111000000000000000111110000000000000000000000000000000000000000000000000000000000000000011111000000000000000000000000011111000000000000000000000000000000000000000000000000000000011111	2	1554260952
180.000000	200.000000	259581	3	427401	0.150000 	 PFSize: 	 41 	 HypVol: 	 820.00000000 	 IGD: 	 0.00000000 	 GD: 	 0.00000000 	 MaxSpread: 	 80.00000000 	 DomOptimalPoints: 	 0 	00000000000000000000000000000011111000000000000000000000000000000000000000000000000000000000000000000000000000000000000000000000000000011111000001111100000111110000000000000000000011111000000000011111	4	1554260957
180.000000	200.000000	70979	1	511095	0.100000 	 PFSize: 	 41 	 HypVol: 	 820.00000000 	 IGD: 	 0.00000000 	 GD: 	 0.00000000 	 MaxSpread: 	 80.00000000 	 DomOptimalPoints: 	 0 	00000000000000000000000000000000000000000000011111000000000000000000000000000000000000000000000000000000000000111110000000000000000000000000000000000000000111110000000000000001111100000000000000000000	6	1554260962
180.000000	200.000000	212535	2	235618	0.000000 	 PFSize: 	 41 	 HypVol: 	 820.00000000 	 IGD: 	 0.00000000 	 GD: 	 0.00000000 	 MaxSpread: 	 80.00000000 	 DomOptimalPoints: 	 0 	00000000000000000000000000000000000000000000000000000000000000000000000000000000000000000000000000000000000000000000000000000000000000000000000000000000000000000000000000000000000000000000000000000000	2	1554260967
180.000000	200.000000	19049	0	267625	0.325000 	 PFSize: 	 41 	 HypVol: 	 820.00000000 	 IGD: 	 0.00000000 	 GD: 	 0.00000000 	 MaxSpread: 	 80.00000000 	 DomOptimalPoints: 	 0 	11111111111111111111111110000000000000001111100000000000000000000000000000000000111110000000000111110000000000000000000000000111110000000000111110000000000000001111111111000000000000000000001111100000	1	1554260976
180.000000	200.000000	28343	0	255005	0.375000 	 PFSize: 	 41 	 HypVol: 	 820.00000000 	 IGD: 	 0.00000000 	 GD: 	 0.00000000 	 MaxSpread: 	 80.00000000 	 DomOptimalPoints: 	 0 	11111000000000000000111110000000000000001111111111000000000000000000001111100000111110000011111111110000000000000001111100000111111111100000111111111100000111110000011111000000000000000000000000000000	1	1554260981
180.000000	200.000000	18211	0	264389	0.300000 	 PFSize: 	 41 	 HypVol: 	 820.00000000 	 IGD: 	 0.00000000 	 GD: 	 0.00000000 	 MaxSpread: 	 80.00000000 	 DomOptimalPoints: 	 0 	00000000000000000000000000000011111000001111100000000000000000000000001111111111000001111111111111111111100000000000000000000000000000000000000000000000000111110000000000111110000000000000001111111111	1	1554260986
180.000000	200.000000	83954	1	236168	0.175000 	 PFSize: 	 41 	 HypVol: 	 820.00000000 	 IGD: 	 0.00000000 	 GD: 	 0.00000000 	 MaxSpread: 	 80.00000000 	 DomOptimalPoints: 	 0 	00000000000000000000000000000000000111110000000000000000000000000000001111100000000000000000000000000000011111000001111100000000000000000000111110000000000000000000000000000000000011111000000000011111	1	1554260991
180.000000	200.000000	106520	1	274589	0.075000 	 PFSize: 	 41 	 HypVol: 	 820.00000000 	 IGD: 	 0.00000000 	 GD: 	 0.00000000 	 MaxSpread: 	 80.00000000 	 DomOptimalPoints: 	 0 	00000000000000000000111110000000000000000000000000000000000000000000000000000000000000000000000111110000000000000000000000000000000000000000000000000000000000000000000000000000000011111000000000000000	1	1554260996
180.000000	200.000000	57014	1	5956982	0.475000 	 PFSize: 	 41 	 HypVol: 	 820.00000000 	 IGD: 	 0.00000000 	 GD: 	 0.00000000 	 MaxSpread: 	 80.00000000 	 DomOptimalPoints: 	 0 	00000000001111111111111111111100000111111111111111111110000011111111110000011111000000000000000000001111111111000000000000000111110000011111111110000011111111110000000000000000000011111000000000000000	21	1554261001
180.000000	200.000000	61203	0	286545	0.075000 	 PFSize: 	 41 	 HypVol: 	 820.00000000 	 IGD: 	 0.00000000 	 GD: 	 0.00000000 	 MaxSpread: 	 80.00000000 	 DomOptimalPoints: 	 0 	00000000001111100000000000000000000000000000000000000000000000000000000000000000000000000000000000000000000000000000000000000000000000011111000000000000000000000000000000000000000011111000000000000000	1	1554261006
180.000000	200.000000	25164	0	399569	0.300000 	 PFSize: 	 41 	 HypVol: 	 820.00000000 	 IGD: 	 0.00000000 	 GD: 	 0.00000000 	 MaxSpread: 	 80.00000000 	 DomOptimalPoints: 	 0 	00000000000000000000000000000011111000000000011111000001111111111111110000000000000000000000000000001111111111111110000000000000001111100000111110000000000000000000011111000001111100000000000000000000	2	1554261014
180.000000	200.000000	30135	0	303190	0.350000 	 PFSize: 	 41 	 HypVol: 	 820.00000000 	 IGD: 	 0.00000000 	 GD: 	 0.00000000 	 MaxSpread: 	 80.00000000 	 DomOptimalPoints: 	 0 	00000000000000000000111111111111111000001111100000000000000000000111111111100000000000000000000000000000011111000000000011111000000000011111111110000011111000000000011111111110000000000111110000000000	2	1554261019
180.000000	200.000000	25580	0	265644	0.300000 	 PFSize: 	 41 	 HypVol: 	 820.00000000 	 IGD: 	 0.00000000 	 GD: 	 0.00000000 	 MaxSpread: 	 80.00000000 	 DomOptimalPoints: 	 0 	00000000000000000000000000000000000000000000011111000000000000000111110000000000000000000011111000000000000000111111111100000000000000000000000000000000000111111111100000111111111100000111111111111111	2	1554261024
180.000000	200.000000	41491	1	318517	0.425000 	 PFSize: 	 41 	 HypVol: 	 820.00000000 	 IGD: 	 0.00000000 	 GD: 	 0.00000000 	 MaxSpread: 	 80.00000000 	 DomOptimalPoints: 	 0 	00000000001111100000111110000000000111111111111111000000000000000111110000011111000000000011111000001111100000000000000011111000000000000000000001111111111111111111111111000000000000000111111111100000	2	1554261029
180.000000	200.000000	54697	1	228877	0.100000 	 PFSize: 	 41 	 HypVol: 	 820.00000000 	 IGD: 	 0.00000000 	 GD: 	 0.00000000 	 MaxSpread: 	 80.00000000 	 DomOptimalPoints: 	 0 	00000000000000000000000000000000000000000000000000000000000011111000000000000000000000000000000000000000000000000000000011111000000000000000000000000000000000000000000000111110000011111000000000000000	2	1554261034
180.000000	200.000000	17858	0	249764	0.075000 	 PFSize: 	 41 	 HypVol: 	 820.00000000 	 IGD: 	 0.00000000 	 GD: 	 0.00000000 	 MaxSpread: 	 80.00000000 	 DomOptimalPoints: 	 0 	00000000000000000000000000000011111000000000000000000000000000000000000000000000111110000000000000000000000000000000000000000000000000000000111110000000000000000000000000000000000000000000000000000000	2	1554261039
180.000000	200.000000	21190	1	277074	0.175000 	 PFSize: 	 41 	 HypVol: 	 820.00000000 	 IGD: 	 0.00000000 	 GD: 	 0.00000000 	 MaxSpread: 	 80.00000000 	 DomOptimalPoints: 	 0 	00000000000000000000000000000000000000000000000000000001111111111111110000000000111110000000000000000000011111000000000000000000000000000000000000000000000000001111100000000000000000000111110000000000	2	1554261044
180.000000	200.000000	20125	1	275239	0.300000 	 PFSize: 	 41 	 HypVol: 	 820.00000000 	 IGD: 	 0.00000000 	 GD: 	 0.00000000 	 MaxSpread: 	 80.00000000 	 DomOptimalPoints: 	 0 	00000000001111100000000000000011111111110000000000000000000011111000000000000000111110000000000111110000011111111110000000000000000000011111000001111111111111110000000000000000000000000000000000000000	2	1554261052
180.000000	200.000000	307464	3	1692054	0.075000 	 PFSize: 	 41 	 HypVol: 	 820.00000000 	 IGD: 	 0.00000000 	 GD: 	 0.00000000 	 MaxSpread: 	 80.00000000 	 DomOptimalPoints: 	 0 	00000111110000000000000000000000000000000000000000000000000000000000000000000000000001111100000111110000000000000000000000000000000000000000000000000000000000000000000000000000000000000000000000000000	17	1554261058
180.000000	200.000000	54116	1	264493	0.075000 	 PFSize: 	 41 	 HypVol: 	 820.00000000 	 IGD: 	 0.00000000 	 GD: 	 0.00000000 	 MaxSpread: 	 80.00000000 	 DomOptimalPoints: 	 0 	00000000000000000000000000000000000000000000000000000000000000000000000000000000111110000000000000000000000000000000000000000000000000011111111110000000000000000000000000000000000000000000000000000000	2	1554261062
180.000000	200.000000	26201	0	364102	0.175000 	 PFSize: 	 41 	 HypVol: 	 820.00000000 	 IGD: 	 0.00000000 	 GD: 	 0.00000000 	 MaxSpread: 	 80.00000000 	 DomOptimalPoints: 	 0 	00000000000000011111111110000000000000000000000000000000000000000111110000000000000000000000000000000000000000000000000000000000000000000000111111111100000000000000000000000000000011111111110000000000	2	1554261068
180.000000	200.000000	24046	0	251174	0.375000 	 PFSize: 	 41 	 HypVol: 	 820.00000000 	 IGD: 	 0.00000000 	 GD: 	 0.00000000 	 MaxSpread: 	 80.00000000 	 DomOptimalPoints: 	 0 	00000000000000000000000000000000000111110000000000111111111100000111110000011111000001111100000111111111111111000000000000000000000000000000111110000011111000000000000000111110000000000111111111111111	1	1554261073
180.000000	200.000000	9292	0	352073	0.350000 	 PFSize: 	 41 	 HypVol: 	 820.00000000 	 IGD: 	 0.00000000 	 GD: 	 0.00000000 	 MaxSpread: 	 80.00000000 	 DomOptimalPoints: 	 0 	11111000000000000000000000000011111000000000011111111111111100000000000000011111000000000000000111111111111111000000000000000111110000011111000000000000000111110000000000111110000000000000001111100000	2	1554261078
180.000000	200.000000	106024	1	359963	0.875000 	 PFSize: 	 41 	 HypVol: 	 820.00000000 	 IGD: 	 0.00000000 	 GD: 	 0.00000000 	 MaxSpread: 	 80.00000000 	 DomOptimalPoints: 	 0 	11111111111111100000111111111100000111111111100000111111111111111111110000011111111111111111111111111111100000111111111111111111111111111111111111111111111111111111111111111111111111111111111111111111	2	1554261083
180.000000	200.000000	18691	0	279649	0.350000 	 PFSize: 	 41 	 HypVol: 	 820.00000000 	 IGD: 	 0.00000000 	 GD: 	 0.00000000 	 MaxSpread: 	 80.00000000 	 DomOptimalPoints: 	 0 	11111000001111100000000001111100000000001111100000111111111111111111110000011111111110000000000000001111100000000000000000000000000000011111000000000000000000000000011111000000000000000000000000011111	2	1554261091
180.000000	200.000000	13324	0	204765	0.300000 	 PFSize: 	 41 	 HypVol: 	 820.00000000 	 IGD: 	 0.00000000 	 GD: 	 0.00000000 	 MaxSpread: 	 80.00000000 	 DomOptimalPoints: 	 0 	00000000000000000000000000000011111000001111100000111110000000000000000000000000111110000000000111111111100000000000000011111000000000000000000000000011111000001111100000000000000011111000001111111111	2	1554261096
180.000000	200.000000	40226	1	228388	0.425000 	 PFSize: 	 41 	 HypVol: 	 820.00000000 	 IGD: 	 0.00000000 	 GD: 	 0.00000000 	 MaxSpread: 	 80.00000000 	 DomOptimalPoints: 	 0 	11111111111111111111111110000000000111110000000000000000000011111000001111111111000000000000000000001111100000000001111111111000000000011111000001111100000000000000011111111111111100000000000000000000	2	1554261101
180.000000	200.000000	28644	0	308704	0.275000 	 PFSize: 	 41 	 HypVol: 	 820.00000000 	 IGD: 	 0.00000000 	 GD: 	 0.00000000 	 MaxSpread: 	 80.00000000 	 DomOptimalPoints: 	 0 	00000111111111100000111110000000000111110000000000000000000000000111110000011111000000000011111000000000000000000000000000000111110000011111000000000000000111110000000000000001111100000000000000000000	2	1554261106
180.000000	200.000000	40439	1	720981	0.325000 	 PFSize: 	 41 	 HypVol: 	 820.00000000 	 IGD: 	 0.00000000 	 GD: 	 0.00000000 	 MaxSpread: 	 80.00000000 	 DomOptimalPoints: 	 0 	00000000000000011111000001111111111111110000000000111111111100000000000000000000000000000000000000001111100000111111111100000111110000000000000000000000000000000000000000000001111100000000001111111111	4	1554261111
180.000000	200.000000	49559	1	237664	0.950000 	 PFSize: 	 41 	 HypVol: 	 820.00000000 	 IGD: 	 0.00000000 	 GD: 	 0.00000000 	 MaxSpread: 	 80.00000000 	 DomOptimalPoints: 	 0 	11111111110000011111111111111111111111110000011111111111111111111111111111111111111111111111111111111111111111111111111111111111111111111111111111111111111111111111111111111111111111111111111111111111	2	1554261116
180.000000	200.000000	21977	1	284357	0.300000 	 PFSize: 	 41 	 HypVol: 	 820.00000000 	 IGD: 	 0.00000000 	 GD: 	 0.00000000 	 MaxSpread: 	 80.00000000 	 DomOptimalPoints: 	 0 	00000000000000011111111111111100000000000000000000000001111100000111110000000000111110000000000000000000000000000000000000000000000000000000111110000011111000000000000000000001111100000111111111111111	2	1554261121
180.000000	200.000000	41252	1	276418	0.175000 	 PFSize: 	 41 	 HypVol: 	 820.00000000 	 IGD: 	 0.00000000 	 GD: 	 0.00000000 	 MaxSpread: 	 80.00000000 	 DomOptimalPoints: 	 0 	00000000001111100000000000000011111000000000000000000000000000000000000000000000000000000000000000000000000000111110000000000000000000011111111110000000000111110000000000111110000000000000000000000000	2	1554261129
180.000000	200.000000	29423	0	284558	0.425000 	 PFSize: 	 41 	 HypVol: 	 820.00000000 	 IGD: 	 0.00000000 	 GD: 	 0.00000000 	 MaxSpread: 	 80.00000000 	 DomOptimalPoints: 	 0 	00000000000000000000111111111100000000001111111111000001111100000000001111100000000000000011111111110000011111111110000000000000001111111111000001111111111000000000000000111110000000000000001111111111	1	1554261135
180.000000	200.000000	39898	0	280293	0.075000 	 PFSize: 	 41 	 HypVol: 	 820.00000000 	 IGD: 	 0.00000000 	 GD: 	 0.00000000 	 MaxSpread: 	 80.00000000 	 DomOptimalPoints: 	 0 	00000111110000000000000000000000000000000000000000000000000000000111110000000000000000000000000000000000000000000000000000000000000000000000000001111100000000000000000000000000000000000000000000000000	1	1554261140
180.000000	200.000000	29991	0	262361	0.150000 	 PFSize: 	 41 	 HypVol: 	 820.00000000 	 IGD: 	 0.00000000 	 GD: 	 0.00000000 	 MaxSpread: 	 80.00000000 	 DomOptimalPoints: 	 0 	00000000000000000000000000000000000000000000011111111111111100000111110000000000000000000000000000000000000000111110000000000000000000000000000000000000000000000000000000000000000000000000000000011111	1	1554261145
180.000000	200.000000	56370	0	653287	0.100000 	 PFSize: 	 41 	 HypVol: 	 820.00000000 	 IGD: 	 0.00000000 	 GD: 	 0.00000000 	 MaxSpread: 	 80.00000000 	 DomOptimalPoints: 	 0 	00000000000000000000000000000000000111110000000000000000000000000000000000000000000001111100000000001111100000000000000011111000000000000000000000000000000000000000000000000000000000000000000000000000	3	1554261150
180.000000	200.000000	54919	0	246193	0.600000 	 PFSize: 	 41 	 HypVol: 	 820.00000000 	 IGD: 	 0.00000000 	 GD: 	 0.00000000 	 MaxSpread: 	 80.00000000 	 DomOptimalPoints: 	 0 	00000111110000011111111110000000000111110000000000000001111100000000001111100000111111111111111111111111111111111111111111111111110000000000111110000011111000001111111111111111111100000111110000011111	1	1554261155
180.000000	200.000000	55387	0	382108	0.025000 	 PFSize: 	 41 	 HypVol: 	 820.00000000 	 IGD: 	 0.00000000 	 GD: 	 0.00000000 	 MaxSpread: 	 80.00000000 	 DomOptimalPoints: 	 0 	00000000000000000000000000000000000000000000000000000000000000000000000000000000000000000000000000000000000000000000000000000000000000000000000000000000000111110000000000000000000000000000000000000000	2	1554261160
360.000000	400.000000	185534	4	3646456	0.325000 	 PFSize: 	 81 	 HypVol: 	 3240.00000000 	 IGD: 	 0.00000000 	 GD: 	 0.00000000 	 MaxSpread: 	 160.00000000 	 DomOptimalPoints: 	 0 	0000011111000000000011111000000000000000000000000000000000000000011111111110000011111000000000011111000001111100000111110000000000111110000000000111110000000000000000000000000000000000011111000000000011111000000000011111111110000000000000001111111111000000000000000000001111100000111110000000000111110000000000111111111100000111110000011111000001111100000000000000011111000000000000000000001111100000	46	1554261168
360.000000	400.000000	1918304	23	1918304	0.000000 	 PFSize: 	 81 	 HypVol: 	 3240.00000000 	 IGD: 	 0.00000000 	 GD: 	 0.00000000 	 MaxSpread: 	 160.00000000 	 DomOptimalPoints: 	 0 	0000000000000000000000000000000000000000000000000000000000000000000000000000000000000000000000000000000000000000000000000000000000000000000000000000000000000000000000000000000000000000000000000000000000000000000000000000000000000000000000000000000000000000000000000000000000000000000000000000000000000000000000000000000000000000000000000000000000000000000000000000000000000000000000000000000000000000	23	1554261173
360.000000	400.000000	523484	10	930333	0.325000 	 PFSize: 	 81 	 HypVol: 	 3240.00000000 	 IGD: 	 0.00000000 	 GD: 	 0.00000000 	 MaxSpread: 	 160.00000000 	 DomOptimalPoints: 	 0 	0000011111000001111100000111110000000000111110000011111000000000000000000000000011111000001111100000000000000000000000001111100000000000000000000000000000000000000001111100000111111111111111000001111100000000000000000000000000000000000000000000000000000001111111111000000000000000000000000011111111111111111111000001111100000111111111100000000001111111111111110000000000000000000000000000001111100000	15	1554261178
360.000000	400.000000	3099964	91	6484901	0.000000 	 PFSize: 	 81 	 HypVol: 	 3240.00000000 	 IGD: 	 0.00000000 	 GD: 	 0.00000000 	 MaxSpread: 	 160.00000000 	 DomOptimalPoints: 	 0 	0000000000000000000000000000000000000000000000000000000000000000000000000000000000000000000000000000000000000000000000000000000000000000000000000000000000000000000000000000000000000000000000000000000000000000000000000000000000000000000000000000000000000000000000000000000000000000000000000000000000000000000000000000000000000000000000000000000000000000000000000000000000000000000000000000000000000000	229	1554261183
360.000000	400.000000	1268089	29	2217436	0.200000 	 PFSize: 	 81 	 HypVol: 	 3240.00000000 	 IGD: 	 0.00000000 	 GD: 	 0.00000000 	 MaxSpread: 	 160.00000000 	 DomOptimalPoints: 	 0 	0000000000000000000000000000001111100000000000000000000000000000011111000000000000000000000000000000111110000000000000000000000000000001111111111000000000000000000000000011111000001111100000000000000000000000001111100000000000000000000000001111100000000000000000000111110000011111000001111100000000000000000000000000000011111000000000000000000000000000000000001111111111000000000000000000000000011111	44	1554261188
360.000000	400.000000	172185	4	1995170	0.425000 	 PFSize: 	 81 	 HypVol: 	 3240.00000000 	 IGD: 	 0.00000000 	 GD: 	 0.00000000 	 MaxSpread: 	 160.00000000 	 DomOptimalPoints: 	 0 	0000011111111110000000000111110000011111000000000011111111111111111111000000000011111000000000000000000000000000000000001111100000111110000000000111110000000000111110000000000111110000000000111111111111111111110000011111000000000011111000001111111111000000000011111000000000000000111110000000000111110000000000111110000000000000001111100000000001111111111000000000011111111110000011111111110000011111	27	1554261193
360.000000	400.000000	214105	6	17071187	0.012500 	 PFSize: 	 81 	 HypVol: 	 3240.00000000 	 IGD: 	 0.00000000 	 GD: 	 0.00000000 	 MaxSpread: 	 160.00000000 	 DomOptimalPoints: 	 0 	0000000000000000000000000000000000000000000000000000000000000000000000000000000000000000000000000000000000000000000000000000000000000000000000000000000000000000000000000000000000000000000000000000000000000000000000000000000000000000000000000000000000000000000000000000000000000000000000000000000000000000000000000000000000000000000000000000000000000000000000000000000000000000000000000111110000000000	486	1554261198
360.000000	400.000000	4446316	163	6913354	0.175000 	 PFSize: 	 81 	 HypVol: 	 3240.00000000 	 IGD: 	 0.00000000 	 GD: 	 0.00000000 	 MaxSpread: 	 160.00000000 	 DomOptimalPoints: 	 0 	0000000000000000000000000000000000011111000000000000000000000000000000000000000000000000000000000000111110000000000000001111100000000000000000000111110000000000000000000011111000000000000000111110000000000000000000011111000000000011111000000000000000000000000000000000000000000000000001111100000000000000000000111110000000000111110000011111000001111100000000000000000000000001111100000000000000000000	255	1554261206
360.000000	400.000000	37667	2	1998529	0.275000 	 PFSize: 	 81 	 HypVol: 	 3240.00000000 	 IGD: 	 0.00000000 	 GD: 	 0.00000000 	 MaxSpread: 	 160.00000000 	 DomOptimalPoints: 	 0 	1111100000111110000000000000000000000000000000000000000000000000000000000000000011111111110000000000000000000000000000000000000000000001111100000000000000000000000001111111111000001111100000111111111100000000001111100000000000000000000000001111111111111110000000000000000000000000111110000011111000000000000000000001111100000111110000000000111110000011111000000000011111000000000011111000000000000000	31	1554261211
360.000000	400.000000	135605	5	23647016	0.150000 	 PFSize: 	 81 	 HypVol: 	 3240.00000000 	 IGD: 	 0.00000000 	 GD: 	 0.00000000 	 MaxSpread: 	 160.00000000 	 DomOptimalPoints: 	 0 	1111100000000000000000000000000000000000000000000000000000000000000000111110000000000000001111100000000000000000000000001111100000000000000000000111110000000000000000000000000000001111100000000000000000000111110000000000000000000000000000000000000000111110000000000000001111100000000000000000000000000000000000000000000000000111110000000000111110000000000000000000000000000000000000000000001111100000	647	1554261216
360.000000	400.000000	224498	8	1224758	0.050000 	 PFSize: 	 81 	 HypVol: 	 3240.00000000 	 IGD: 	 0.00000000 	 GD: 	 0.00000000 	 MaxSpread: 	 160.00000000 	 DomOptimalPoints: 	 0 	0000000000000000000000000000000000000000111110000000000000000000000000000000000000000000000000000000000000000000000000000000000000000000000000000000000000000000000000000000000000000000011111000000000000000000000000000000000000000000000000001111100000000000000011111000000000000000000000000000000000000000000000000000000000000000000000000000000000000000000000000000000000000000000000000000000000000000	27	1554261221
360.000000	400.000000	246135	9	1147489	0.450000 	 PFSize: 	 81 	 HypVol: 	 3240.00000000 	 IGD: 	 0.00000000 	 GD: 	 0.00000000 	 MaxSpread: 	 160.00000000 	 DomOptimalPoints: 	 0 	1111111111000001111100000000001111100000000000000000000111111111111111000000000000000111111111111111000000000011111111110000000000000001111111111111110000011111000000000000000000000000011111000000000011111000001111111111000000000000000000001111111111000000000000000111111111100000000001111100000111111111100000111110000000000000000000011111111111111100000000001111100000111110000000000111111111111111	27	1554261226
360.000000	400.000000	1773971	53	1938322	0.025000 	 PFSize: 	 81 	 HypVol: 	 3240.00000000 	 IGD: 	 0.00000000 	 GD: 	 0.00000000 	 MaxSpread: 	 160.00000000 	 DomOptimalPoints: 	 0 	0000000000111110000000000000000000000000000000000000000000000000000000000000000000000000000000000000000000000000000000000000000000000000000000000000000000000000111110000000000000000000000000000000000000000000000000000000000000000000000000000000000000000000000000000000000000000000000000000000000000000000000000000000000000000000000000000000000000000000000000000000000000000000000000000000000000000000	62	1554261235
360.000000	400.000000	237710	7	634954	0.062500 	 PFSize: 	 81 	 HypVol: 	 3240.00000000 	 IGD: 	 0.00000000 	 GD: 	 0.00000000 	 MaxSpread: 	 160.00000000 	 DomOptimalPoints: 	 0 	0000000000000000000000000000000000000000000000000000000000000000011111000000000000000000000000000000000000000011111000000000000000000000000000000000000000000000000000000000000000000000000000000000000000000000000000011111000000000000000000000000000000000000000000000000000000000000000000000000000000000000000000000000000000000111110000000000000000000000000000000000000000000000000000000000000000011111	16	1554261241
360.000000	400.000000	765962	32	3200844	0.100000 	 PFSize: 	 81 	 HypVol: 	 3240.00000000 	 IGD: 	 0.00000000 	 GD: 	 0.00000000 	 MaxSpread: 	 160.00000000 	 DomOptimalPoints: 	 0 	0000000000000000000011111000001111100000000000000000000000001111100000000000000011111000000000000000000000000000000000001111100000000000000000000000000000000000000000000000000000000000000000000000000000000000000000000000000000000000000000000000000000000000000000000000000000000000000000000000000111110000000000000000000000000000001111100000000000000000000000000000000000111110000000000000000000000000	176	1554261245
360.000000	400.000000	1949901	38	2115687	0.012500 	 PFSize: 	 81 	 HypVol: 	 3240.00000000 	 IGD: 	 0.00000000 	 GD: 	 0.00000000 	 MaxSpread: 	 160.00000000 	 DomOptimalPoints: 	 0 	0000000000000000000000000000000000000000000000000000000000000000000000000000000000000000000000000000000000000000000000000000000000000000000000000000000000000000000000000000000000000000000000000000000000000000000000000000000000000000000000000000000000000000000000000000001111100000000000000000000000000000000000000000000000000000000000000000000000000000000000000000000000000000000000000000000000000000	48	1554261251
360.000000	400.000000	2029667	44	2210613	0.000000 	 PFSize: 	 81 	 HypVol: 	 3240.00000000 	 IGD: 	 0.00000000 	 GD: 	 0.00000000 	 MaxSpread: 	 160.00000000 	 DomOptimalPoints: 	 0 	0000000000000000000000000000000000000000000000000000000000000000000000000000000000000000000000000000000000000000000000000000000000000000000000000000000000000000000000000000000000000000000000000000000000000000000000000000000000000000000000000000000000000000000000000000000000000000000000000000000000000000000000000000000000000000000000000000000000000000000000000000000000000000000000000000000000000000	51	1554261258
360.000000	400.000000	960438	41	4592679	0.262500 	 PFSize: 	 81 	 HypVol: 	 3240.00000000 	 IGD: 	 0.00000000 	 GD: 	 0.00000000 	 MaxSpread: 	 160.00000000 	 DomOptimalPoints: 	 0 	0000000000000001111100000111110000011111000000000000000000000000000000111110000000000111110000000000000001111100000000000000000000111111111111111111110000000000111110000000000000001111100000000000000000000000000000011111111110000000000111110000011111000001111100000000000000000000000000000000000111110000000000000000000000000000000000011111000000000000000000000000000000111111111100000000000000000000	223	1554261263
360.000000	400.000000	158985	12	2166974	0.512500 	 PFSize: 	 81 	 HypVol: 	 3240.00000000 	 IGD: 	 0.00000000 	 GD: 	 0.00000000 	 MaxSpread: 	 160.00000000 	 DomOptimalPoints: 	 0 	1111100000111110000000000111110000000000111111111100000111110000000000000000000000000111110000011111000000000000000111111111111111111111111111111000000000000000111110000000000111111111100000111110000000000111110000011111111111111100000111111111111111111110000000000111111111100000111110000011111111110000011111111110000011111111110000011111000001111100000111110000000000111111111100000111110000000000	64	1554261269
360.000000	400.000000	66637	3	1074754	0.100000 	 PFSize: 	 81 	 HypVol: 	 3240.00000000 	 IGD: 	 0.00000000 	 GD: 	 0.00000000 	 MaxSpread: 	 160.00000000 	 DomOptimalPoints: 	 0 	0000000000000000000000000000001111100000000000000000000000000000000000000000000000000111110000000000000000000000000000000000000000000000000000000000000000011111000000000000000000000000000000000000000000000000000000000000000000000000000000001111100000000000000011111000000000000000000000000011111000000000000000000000000000000000001111100000000000000000000111110000000000000000000000000000000000000000	47	1554261276
360.000000	400.000000	980005	85	1454376	0.100000 	 PFSize: 	 81 	 HypVol: 	 3240.00000000 	 IGD: 	 0.00000000 	 GD: 	 0.00000000 	 MaxSpread: 	 160.00000000 	 DomOptimalPoints: 	 0 	0000000000000000000000000000000000000000000000000000000000000000011111000000000000000111110000000000000000000000000000000000000000000000000000000000000000011111000000000000000000000000011111000000000000000000001111100000000001111100000000000000000000000000000000000000000000011111000000000000000000000000000000000000000000000000000000011111000000000000000000000000000000000000000000000000000000000000	96	1554261280
360.000000	400.000000	108349	5	2325265	0.050000 	 PFSize: 	 81 	 HypVol: 	 3240.00000000 	 IGD: 	 0.00000000 	 GD: 	 0.00000000 	 MaxSpread: 	 160.00000000 	 DomOptimalPoints: 	 0 	0000000000000000000000000000000000000000000000000000000000000000000000000000000000000000000000000000000000000000000000000000000000000001111100000000000000000000000000000000000000000000011111000000000000000000000000000000000000000000000000000000000000000000000000000000000000011111000000000000000111110000000000000000000000000000000000000000000000000000000000000000000000000000000000000000000000000000	79	1554261291
360.000000	400.000000	1107995	74	1236939	0.012500 	 PFSize: 	 81 	 HypVol: 	 3240.00000000 	 IGD: 	 0.00000000 	 GD: 	 0.00000000 	 MaxSpread: 	 160.00000000 	 DomOptimalPoints: 	 0 	0000000000000000000000000000000000000000000000000000000000000000000000000000000000000000000000000000000000000000000000000000000000000000000000000000000000000000000000000000000000000000000000000000000000000000000000000000000000000000000000000000000000000000000000000000000000000000000000000000000000000000000000000000000000000000000000000000000000000000000000000000000000000000000000000000000000011111	86	1554261298
360.000000	400.000000	210772	18	717854	0.100000 	 PFSize: 	 81 	 HypVol: 	 3240.00000000 	 IGD: 	 0.00000000 	 GD: 	 0.00000000 	 MaxSpread: 	 160.00000000 	 DomOptimalPoints: 	 0 	1111100000000000000000000000000000000000000000000000000000000000000000000000000000000000001111100000000000000000000000000000000000111110000000000000000000000000000000000011111000000000000000000000000000000000000000000000000000000000000000000000000000000000000011111000000000000000000000000000000000001111100000111110000000000000000000000000000000000000000000000000000000111110000000000000000000000000	45	1554261306
360.000000	400.000000	309793	13	2469641	0.112500 	 PFSize: 	 81 	 HypVol: 	 3240.00000000 	 IGD: 	 0.00000000 	 GD: 	 0.00000000 	 MaxSpread: 	 160.00000000 	 DomOptimalPoints: 	 0 	1111100000000000000000000000000000000000111110000000000111110000000000000000000011111111111111100000000000000000000000000000000000000000000000000000000000000000000000000011111000000000000000000000000000000000000000000000000001111100000000000000000000000000000000000000000000000000000000000000000000000000000000000000000000000000000000000000000000000000000000001111100000000000000000000000000000000000	55	1554261310
360.000000	400.000000	120611	5	561181	0.087500 	 PFSize: 	 81 	 HypVol: 	 3240.00000000 	 IGD: 	 0.00000000 	 GD: 	 0.00000000 	 MaxSpread: 	 160.00000000 	 DomOptimalPoints: 	 0 	0000000000000000000000000111110000011111000000000000000000000000000000000000000000000000000000000000000000000000000000000000000000000000000000000000000000011111000000000011111111110000000000000000000000000000000000000000000000000000000000000000000000000000000000000000000000000000000000000000000000000000000000000000000011111000001111100000000000000000000000000000000000000000000000000000000000000000	26	1554261321
360.000000	400.000000	1975205	69	1975205	0.000000 	 PFSize: 	 81 	 HypVol: 	 3240.00000000 	 IGD: 	 0.00000000 	 GD: 	 0.00000000 	 MaxSpread: 	 160.00000000 	 DomOptimalPoints: 	 0 	0000000000000000000000000000000000000000000000000000000000000000000000000000000000000000000000000000000000000000000000000000000000000000000000000000000000000000000000000000000000000000000000000000000000000000000000000000000000000000000000000000000000000000000000000000000000000000000000000000000000000000000000000000000000000000000000000000000000000000000000000000000000000000000000000000000000000000	69	1554261327
360.000000	400.000000	2031038	75	2202010	0.000000 	 PFSize: 	 81 	 HypVol: 	 3240.00000000 	 IGD: 	 0.00000000 	 GD: 	 0.00000000 	 MaxSpread: 	 160.00000000 	 DomOptimalPoints: 	 0 	0000000000000000000000000000000000000000000000000000000000000000000000000000000000000000000000000000000000000000000000000000000000000000000000000000000000000000000000000000000000000000000000000000000000000000000000000000000000000000000000000000000000000000000000000000000000000000000000000000000000000000000000000000000000000000000000000000000000000000000000000000000000000000000000000000000000000000	87	1554261338
360.000000	400.000000	209486	11	2603394	0.350000 	 PFSize: 	 81 	 HypVol: 	 3240.00000000 	 IGD: 	 0.00000000 	 GD: 	 0.00000000 	 MaxSpread: 	 160.00000000 	 DomOptimalPoints: 	 0 	0000000000111110000000000000000000000000111110000000000000001111111111000001111100000111110000000000000001111100000111110000000000000000000011111000001111100000000001111100000000000000000000111111111100000000000000000000000001111100000000001111100000111111111100000000001111100000000000000000000000001111111111111110000011111111110000011111000000000011111000000000011111000000000000000111111111100000	56	1554261350
360.000000	400.000000	169822	13	5666460	0.425000 	 PFSize: 	 81 	 HypVol: 	 3240.00000000 	 IGD: 	 0.00000000 	 GD: 	 0.00000000 	 MaxSpread: 	 160.00000000 	 DomOptimalPoints: 	 0 	1111100000000001111111111111111111100000111111111100000000000000000000111110000011111000001111100000000001111100000000000000000000000000000011111000001111100000000000000011111111111111100000000001111100000111110000000000000001111111111000001111100000000000000000000000001111111111111111111111111111110000000000111110000011111000000000000000000000000000000000000000011111111111111100000111111111100000	132	1554261359
360.000000	400.000000	4214486	205	6265754	0.312500 	 PFSize: 	 81 	 HypVol: 	 3240.00000000 	 IGD: 	 0.00000000 	 GD: 	 0.00000000 	 MaxSpread: 	 160.00000000 	 DomOptimalPoints: 	 0 	0000000000000000000000000111110000000000000000000000000000000000000000000001111100000000001111100000000000000000000111110000011111000001111100000111110000000000111110000000000111110000000000111110000000000000000000000000111111111111111111110000000000111110000000000000000000011111111110000000000000001111100000000000000000000111110000011111000000000000000000001111100000111111111111111111110000000000	367	1554261373
360.000000	400.000000	298757	34	876919	0.000000 	 PFSize: 	 81 	 HypVol: 	 3240.00000000 	 IGD: 	 0.00000000 	 GD: 	 0.00000000 	 MaxSpread: 	 160.00000000 	 DomOptimalPoints: 	 0 	0000000000000000000000000000000000000000000000000000000000000000000000000000000000000000000000000000000000000000000000000000000000000000000000000000000000000000000000000000000000000000000000000000000000000000000000000000000000000000000000000000000000000000000000000000000000000000000000000000000000000000000000000000000000000000000000000000000000000000000000000000000000000000000000000000000000000000	102	1554261383
360.000000	400.000000	2052581	39	2232045	0.012500 	 PFSize: 	 81 	 HypVol: 	 3240.00000000 	 IGD: 	 0.00000000 	 GD: 	 0.00000000 	 MaxSpread: 	 160.00000000 	 DomOptimalPoints: 	 0 	0000000000000000000000000000000000000000000000000000000000000000000000000000000000000000000000000000000000000000000000000000000000000000000000000000000000000000000000000000000000000000000000000000000000000000000000000000000000000000000000000000000000000000000000000000000000000000000000000000000000000000000000000000000000000000000000000000000000000000000000000000011111000000000000000000000000000000	46	1554261396
360.000000	400.000000	210314	6	580883	0.062500 	 PFSize: 	 81 	 HypVol: 	 3240.00000000 	 IGD: 	 0.00000000 	 GD: 	 0.00000000 	 MaxSpread: 	 160.00000000 	 DomOptimalPoints: 	 0 	0000000000000000000000000000000000000000000000000000000000000000000000000000000000000000000000000000000000000000000000000000000000000000000000000000000000000000000000000000000000000000000000000000000000000000000000000000000000000000000000001111100000000001111100000000000000000000000000000000000111110000000000000000000011111000000000000000000000000000000000000000011111000000000000000000000000000000	16	1554261407
360.000000	400.000000	180957	10	1267334	0.412500 	 PFSize: 	 81 	 HypVol: 	 3240.00000000 	 IGD: 	 0.00000000 	 GD: 	 0.00000000 	 MaxSpread: 	 160.00000000 	 DomOptimalPoints: 	 0 	1111100000000001111100000111110000011111111111111100000000000000000000111111111100000111110000011111000000000000000000000000000000000000000011111111111111100000111111111111111111110000011111000000000011111111110000011111000001111111111000000000011111000000000011111000000000011111000000000011111000000000000000000001111100000000001111111111000001111100000000000000011111111110000000000000000000000000	34	1554261418
360.000000	400.000000	1784006	56	1957081	0.012500 	 PFSize: 	 81 	 HypVol: 	 3240.00000000 	 IGD: 	 0.00000000 	 GD: 	 0.00000000 	 MaxSpread: 	 160.00000000 	 DomOptimalPoints: 	 0 	0000000000000000000000000000000000000000000000000000000000000000000000000000000000000000000000000000000000000000000000000000000000000000000000000000000000000000000000000000000000000000000000000000000000000000000000000000000001111100000000000000000000000000000000000000000000000000000000000000000000000000000000000000000000000000000000000000000000000000000000000000000000000000000000000000000000000000	62	1554261423
360.000000	400.000000	110961	8	2475592	0.412500 	 PFSize: 	 81 	 HypVol: 	 3240.00000000 	 IGD: 	 0.00000000 	 GD: 	 0.00000000 	 MaxSpread: 	 160.00000000 	 DomOptimalPoints: 	 0 	0000011111000001111111111000001111111111000000000000000111111111111111000000000000000000000000000000111111111111111000000000011111000001111100000111110000011111111111111100000000000000011111000000000011111000000000011111000001111100000000000000000000000000000000000000000000000000111110000011111111111111100000000000000000000000000000011111000001111111111000000000011111111111111100000000001111111111	39	1554261427
360.000000	400.000000	2176347	51	2176347	0.000000 	 PFSize: 	 81 	 HypVol: 	 3240.00000000 	 IGD: 	 0.00000000 	 GD: 	 0.00000000 	 MaxSpread: 	 160.00000000 	 DomOptimalPoints: 	 0 	0000000000000000000000000000000000000000000000000000000000000000000000000000000000000000000000000000000000000000000000000000000000000000000000000000000000000000000000000000000000000000000000000000000000000000000000000000000000000000000000000000000000000000000000000000000000000000000000000000000000000000000000000000000000000000000000000000000000000000000000000000000000000000000000000000000000000000	51	1554261436
360.000000	400.000000	450094	22	1261536	0.037500 	 PFSize: 	 81 	 HypVol: 	 3240.00000000 	 IGD: 	 0.00000000 	 GD: 	 0.00000000 	 MaxSpread: 	 160.00000000 	 DomOptimalPoints: 	 0 	0000000000000000000000000000000000000000000000000000000000000000000000000000000000000000000000000000000000000000000000000000000000000000000000000111110000000000000000000000000000000000000000000000000000000111110000000000000000000000000000000000000000000000000000000000000000000000000000000000000111110000000000000000000000000000000000000000000000000000000000000000000000000000000000000000000000000000	42	1554261446
360.000000	400.000000	94297	5	649979	0.337500 	 PFSize: 	 81 	 HypVol: 	 3240.00000000 	 IGD: 	 0.00000000 	 GD: 	 0.00000000 	 MaxSpread: 	 160.00000000 	 DomOptimalPoints: 	 0 	0000000000000001111100000000000000000000111111111100000000000000011111000001111100000000000000011111000000000000000000001111100000111110000011111111110000000000111110000000000111110000011111000000000011111000000000000000000000000011111000000000000000000001111100000111110000000000000001111100000000000000011111000001111100000000001111111111111110000011111000000000000000111110000000000111111111100000	23	1554261452
360.000000	400.000000	1709086	57	1886399	0.012500 	 PFSize: 	 81 	 HypVol: 	 3240.00000000 	 IGD: 	 0.00000000 	 GD: 	 0.00000000 	 MaxSpread: 	 160.00000000 	 DomOptimalPoints: 	 0 	0000000000000000000000000000000000000000000000000000000000000000000000000000000000000000000000000000000000000000000000000000000000000000000000000000000000000000000000000000000000000000000000000000000000000000000000000000000000000011111000000000000000000000000000000000000000000000000000000000000000000000000000000000000000000000000000000000000000000000000000000000000000000000000000000000000000000000	63	1554261459
360.000000	400.000000	1943593	39	2115896	0.000000 	 PFSize: 	 81 	 HypVol: 	 3240.00000000 	 IGD: 	 0.00000000 	 GD: 	 0.00000000 	 MaxSpread: 	 160.00000000 	 DomOptimalPoints: 	 0 	0000000000000000000000000000000000000000000000000000000000000000000000000000000000000000000000000000000000000000000000000000000000000000000000000000000000000000000000000000000000000000000000000000000000000000000000000000000000000000000000000000000000000000000000000000000000000000000000000000000000000000000000000000000000000000000000000000000000000000000000000000000000000000000000000000000000000000	45	1554261474
360.000000	400.000000	240916	7	2231451	0.037500 	 PFSize: 	 81 	 HypVol: 	 3240.00000000 	 IGD: 	 0.00000000 	 GD: 	 0.00000000 	 MaxSpread: 	 160.00000000 	 DomOptimalPoints: 	 0 	0000000000111110000000000000000000011111000000000000000000001111100000000000000000000000000000000000000000000000000000000000000000000000000000000000000000000000000000000000000000000000000000000000000000000000000000000000000000000000000000000000000000000000000000000000000000000000000000000000000000000000000000000000000000000000000000000000000000000000000000000000000000000000000000000000000000000000	39	1554261481
360.000000	400.000000	205929	10	551655	0.125000 	 PFSize: 	 81 	 HypVol: 	 3240.00000000 	 IGD: 	 0.00000000 	 GD: 	 0.00000000 	 MaxSpread: 	 160.00000000 	 DomOptimalPoints: 	 0 	0000000000000000000000000000000000000000000000000000000000000000000000000000000011111000000000011111000000000000000000000000000000000000000000000000001111100000000000000000000000001111111111000000000011111000000000000000000001111100000000000000000000000000000000000000000000000000000000000000000111110000000000000000000000000111110000000000000000000000000000000000000000111110000000000000000000000000	26	1554261483
360.000000	400.000000	1302536	30	2124562	0.075000 	 PFSize: 	 81 	 HypVol: 	 3240.00000000 	 IGD: 	 0.00000000 	 GD: 	 0.00000000 	 MaxSpread: 	 160.00000000 	 DomOptimalPoints: 	 0 	0000000000000000000000000111110000000000000000000000000111110000000000000000000000000000000000000000000000000000000000000000000000000000000000000000000000000000000001111100000000000000000000000000000000000111110000000000000000000000000000000000000000000000000000000111110000000000000000000000000000000000000000000000000011111000000000000000000000000000000000000000000000000000000000000000000000000000	41	1554261491
360.000000	400.000000	315695	13	16529020	0.125000 	 PFSize: 	 81 	 HypVol: 	 3240.00000000 	 IGD: 	 0.00000000 	 GD: 	 0.00000000 	 MaxSpread: 	 160.00000000 	 DomOptimalPoints: 	 0 	0000000000111110000011111000000000011111000000000000000000000000011111000000000000000000000000000000000000000000000000000000000000000000000000000000000000000000000000000011111000001111100000000000000000000000000000011111000000000000000000000000000000000000000000000000001111100000000000000011111000000000000000000000000000000000000000000000000000000000000000000000000000000000000000000111110000000000	549	1554261495
360.000000	400.000000	351591	17	10601759	0.000000 	 PFSize: 	 81 	 HypVol: 	 3240.00000000 	 IGD: 	 0.00000000 	 GD: 	 0.00000000 	 MaxSpread: 	 160.00000000 	 DomOptimalPoints: 	 0 	0000000000000000000000000000000000000000000000000000000000000000000000000000000000000000000000000000000000000000000000000000000000000000000000000000000000000000000000000000000000000000000000000000000000000000000000000000000000000000000000000000000000000000000000000000000000000000000000000000000000000000000000000000000000000000000000000000000000000000000000000000000000000000000000000000000000000000	348	1554261503
360.000000	400.000000	1226922	34	2185587	0.162500 	 PFSize: 	 81 	 HypVol: 	 3240.00000000 	 IGD: 	 0.00000000 	 GD: 	 0.00000000 	 MaxSpread: 	 160.00000000 	 DomOptimalPoints: 	 0 	1111100000111110000000000000000000000000000001111111111000000000000000000000000000000111110000011111000000000011111000000000011111000000000000000000000000000000000000000000000000000000000000000001111111111000000000000000000000000000000000000000000000000001111100000000000000000000000000000000000000000000000000000000000000000000000000000000000001111100000000001111100000000000000000000000000000000000	49	1554261509
360.000000	400.000000	3595113	69	5832559	0.175000 	 PFSize: 	 81 	 HypVol: 	 3240.00000000 	 IGD: 	 0.00000000 	 GD: 	 0.00000000 	 MaxSpread: 	 160.00000000 	 DomOptimalPoints: 	 0 	0000000000111110000000000000000000000000000000000011111000000000000000111110000000000000000000000000000000000011111111111111100000000001111111111000000000000000000000000000000000000000000000000000000000000000000000000000000000000000000111110000000000000000000000000000000000000000111111111100000000000000000000000001111111111000000000000000000000000000000000000000000000000000000011111000000000000000	109	1554261520
360.000000	400.000000	261403	11	2036229	0.775000 	 PFSize: 	 81 	 HypVol: 	 3240.00000000 	 IGD: 	 0.00000000 	 GD: 	 0.00000000 	 MaxSpread: 	 160.00000000 	 DomOptimalPoints: 	 0 	1111100000000000000011111111111111100000111111111111111111111111111111111111111111111111110000011111111111111100000111110000000000111111111111111111110000000000111111111111111111111111111111111111111111111111111111111111000000000011111000001111111111111111111111111000000000011111111111111111111111110000011111111111111111111111111111111111111111111111111111111111111111111111111111111000001111100000	54	1554261522
