23.459387	25.000000	500	0	810	0.000000 	 PFSize: 	 6 	 HypVol: 	 15.00000000 	 IGD: 	 0.00000000 	 GD: 	 0.00000000 	 MaxSpread: 	 10.00000000 	 DomOptimalPoints: 	 0 	0000000000000000000000000	1	1554766221
23.535898	25.000000	1788	0	1788	1.000000 	 PFSize: 	 6 	 HypVol: 	 15.00000000 	 IGD: 	 0.00000000 	 GD: 	 0.00000000 	 MaxSpread: 	 10.00000000 	 DomOptimalPoints: 	 0 	1111111111111111111111111	0	1554766226
24.078638	25.000000	1282	0	1584	0.000000 	 PFSize: 	 6 	 HypVol: 	 15.00000000 	 IGD: 	 0.00000000 	 GD: 	 0.00000000 	 MaxSpread: 	 10.00000000 	 DomOptimalPoints: 	 0 	0000000000000000000000000	0	1554766235
23.752718	25.000000	502	0	910	1.000000 	 PFSize: 	 6 	 HypVol: 	 15.00000000 	 IGD: 	 0.00000000 	 GD: 	 0.00000000 	 MaxSpread: 	 10.00000000 	 DomOptimalPoints: 	 0 	1111111111111111111111111	0	1554766240
24.982105	25.000000	688	0	1202	1.000000 	 PFSize: 	 6 	 HypVol: 	 15.00000000 	 IGD: 	 0.00000000 	 GD: 	 0.00000000 	 MaxSpread: 	 10.00000000 	 DomOptimalPoints: 	 0 	1111111111111111111111111	0	1554766245
24.912901	25.000000	494	0	2378	0.000000 	 PFSize: 	 6 	 HypVol: 	 15.00000000 	 IGD: 	 0.00000000 	 GD: 	 0.00000000 	 MaxSpread: 	 10.00000000 	 DomOptimalPoints: 	 0 	0000000000000000000000000	0	1554766250
24.223330	25.000000	1304	0	1520	0.000000 	 PFSize: 	 6 	 HypVol: 	 15.00000000 	 IGD: 	 0.00000000 	 GD: 	 0.00000000 	 MaxSpread: 	 10.00000000 	 DomOptimalPoints: 	 0 	0000000000000000000000000	0	1554766255
22.888102	25.000000	710	0	710	1.000000 	 PFSize: 	 6 	 HypVol: 	 15.00000000 	 IGD: 	 0.00000000 	 GD: 	 0.00000000 	 MaxSpread: 	 10.00000000 	 DomOptimalPoints: 	 0 	1111111111111111111111111	0	1554766260
24.355017	25.000000	890	0	2454	0.000000 	 PFSize: 	 6 	 HypVol: 	 15.00000000 	 IGD: 	 0.00000000 	 GD: 	 0.00000000 	 MaxSpread: 	 10.00000000 	 DomOptimalPoints: 	 0 	0000000000000000000000000	0	1554766265
24.103886	25.000000	508	0	1010	1.000000 	 PFSize: 	 6 	 HypVol: 	 15.00000000 	 IGD: 	 0.00000000 	 GD: 	 0.00000000 	 MaxSpread: 	 10.00000000 	 DomOptimalPoints: 	 0 	1111111111111111111111111	0	1554766273
23.656101	25.000000	400	0	508	1.000000 	 PFSize: 	 6 	 HypVol: 	 15.00000000 	 IGD: 	 0.00000000 	 GD: 	 0.00000000 	 MaxSpread: 	 10.00000000 	 DomOptimalPoints: 	 0 	1111111111111111111111111	0	1554766278
24.157839	25.000000	602	0	710	0.000000 	 PFSize: 	 6 	 HypVol: 	 15.00000000 	 IGD: 	 0.00000000 	 GD: 	 0.00000000 	 MaxSpread: 	 10.00000000 	 DomOptimalPoints: 	 0 	0000000000000000000000000	0	1554766283
24.844793	25.000000	1088	0	3244	0.000000 	 PFSize: 	 6 	 HypVol: 	 15.00000000 	 IGD: 	 0.00000000 	 GD: 	 0.00000000 	 MaxSpread: 	 10.00000000 	 DomOptimalPoints: 	 0 	0000000000000000000000000	0	1554766288
24.993784	25.000000	1510	0	3034	0.000000 	 PFSize: 	 6 	 HypVol: 	 15.00000000 	 IGD: 	 0.00000000 	 GD: 	 0.00000000 	 MaxSpread: 	 10.00000000 	 DomOptimalPoints: 	 0 	0000000000000000000000000	0	1554766293
24.423119	25.000000	608	0	720	0.000000 	 PFSize: 	 6 	 HypVol: 	 15.00000000 	 IGD: 	 0.00000000 	 GD: 	 0.00000000 	 MaxSpread: 	 10.00000000 	 DomOptimalPoints: 	 0 	0000000000000000000000000	0	1554766298
24.914661	25.000000	594	0	1732	1.000000 	 PFSize: 	 6 	 HypVol: 	 15.00000000 	 IGD: 	 0.00000000 	 GD: 	 0.00000000 	 MaxSpread: 	 10.00000000 	 DomOptimalPoints: 	 0 	1111111111111111111111111	0	1554766303
24.994888	25.000000	510	0	716	1.000000 	 PFSize: 	 6 	 HypVol: 	 15.00000000 	 IGD: 	 0.00000000 	 GD: 	 0.00000000 	 MaxSpread: 	 10.00000000 	 DomOptimalPoints: 	 0 	1111111111111111111111111	0	1554766311
24.914867	25.000000	894	0	2140	1.000000 	 PFSize: 	 6 	 HypVol: 	 15.00000000 	 IGD: 	 0.00000000 	 GD: 	 0.00000000 	 MaxSpread: 	 10.00000000 	 DomOptimalPoints: 	 0 	1111111111111111111111111	0	1554766316
23.823639	25.000000	498	0	818	0.000000 	 PFSize: 	 6 	 HypVol: 	 15.00000000 	 IGD: 	 0.00000000 	 GD: 	 0.00000000 	 MaxSpread: 	 10.00000000 	 DomOptimalPoints: 	 0 	0000000000000000000000000	0	1554766322
24.834860	25.000000	606	0	1428	1.000000 	 PFSize: 	 6 	 HypVol: 	 15.00000000 	 IGD: 	 0.00000000 	 GD: 	 0.00000000 	 MaxSpread: 	 10.00000000 	 DomOptimalPoints: 	 0 	1111111111111111111111111	0	1554766327
24.799135	25.000000	594	0	790	1.000000 	 PFSize: 	 6 	 HypVol: 	 15.00000000 	 IGD: 	 0.00000000 	 GD: 	 0.00000000 	 MaxSpread: 	 10.00000000 	 DomOptimalPoints: 	 0 	1111111111111111111111111	0	1554766332
24.367876	25.000000	492	0	492	1.000000 	 PFSize: 	 6 	 HypVol: 	 15.00000000 	 IGD: 	 0.00000000 	 GD: 	 0.00000000 	 MaxSpread: 	 10.00000000 	 DomOptimalPoints: 	 0 	1111111111111111111111111	0	1554766337
24.724545	25.000000	610	0	1038	1.000000 	 PFSize: 	 6 	 HypVol: 	 15.00000000 	 IGD: 	 0.00000000 	 GD: 	 0.00000000 	 MaxSpread: 	 10.00000000 	 DomOptimalPoints: 	 0 	1111111111111111111111111	0	1554766342
24.255621	25.000000	1372	0	1468	0.000000 	 PFSize: 	 6 	 HypVol: 	 15.00000000 	 IGD: 	 0.00000000 	 GD: 	 0.00000000 	 MaxSpread: 	 10.00000000 	 DomOptimalPoints: 	 0 	0000000000000000000000000	0	1554766350
24.619934	25.000000	588	0	588	1.000000 	 PFSize: 	 6 	 HypVol: 	 15.00000000 	 IGD: 	 0.00000000 	 GD: 	 0.00000000 	 MaxSpread: 	 10.00000000 	 DomOptimalPoints: 	 0 	1111111111111111111111111	0	1554766355
24.660303	25.000000	1096	0	1520	1.000000 	 PFSize: 	 6 	 HypVol: 	 15.00000000 	 IGD: 	 0.00000000 	 GD: 	 0.00000000 	 MaxSpread: 	 10.00000000 	 DomOptimalPoints: 	 0 	1111111111111111111111111	0	1554766360
23.548470	25.000000	400	0	508	0.000000 	 PFSize: 	 6 	 HypVol: 	 15.00000000 	 IGD: 	 0.00000000 	 GD: 	 0.00000000 	 MaxSpread: 	 10.00000000 	 DomOptimalPoints: 	 0 	0000000000000000000000000	0	1554766365
24.180017	25.000000	396	0	498	1.000000 	 PFSize: 	 6 	 HypVol: 	 15.00000000 	 IGD: 	 0.00000000 	 GD: 	 0.00000000 	 MaxSpread: 	 10.00000000 	 DomOptimalPoints: 	 0 	1111111111111111111111111	0	1554766370
24.439980	25.000000	610	0	1032	1.000000 	 PFSize: 	 6 	 HypVol: 	 15.00000000 	 IGD: 	 0.00000000 	 GD: 	 0.00000000 	 MaxSpread: 	 10.00000000 	 DomOptimalPoints: 	 0 	1111111111111111111111111	0	1554766375
24.987329	25.000000	922	0	922	1.000000 	 PFSize: 	 6 	 HypVol: 	 15.00000000 	 IGD: 	 0.00000000 	 GD: 	 0.00000000 	 MaxSpread: 	 10.00000000 	 DomOptimalPoints: 	 0 	1111111111111111111111111	0	1554766380
24.308535	25.000000	594	0	802	1.000000 	 PFSize: 	 6 	 HypVol: 	 15.00000000 	 IGD: 	 0.00000000 	 GD: 	 0.00000000 	 MaxSpread: 	 10.00000000 	 DomOptimalPoints: 	 0 	1111111111111111111111111	0	1554766388
24.565575	25.000000	402	0	510	1.000000 	 PFSize: 	 6 	 HypVol: 	 15.00000000 	 IGD: 	 0.00000000 	 GD: 	 0.00000000 	 MaxSpread: 	 10.00000000 	 DomOptimalPoints: 	 0 	1111111111111111111111111	0	1554766393
24.806751	25.000000	788	0	1004	1.000000 	 PFSize: 	 6 	 HypVol: 	 15.00000000 	 IGD: 	 0.00000000 	 GD: 	 0.00000000 	 MaxSpread: 	 10.00000000 	 DomOptimalPoints: 	 0 	1111111111111111111111111	0	1554766398
24.127760	25.000000	590	0	590	1.000000 	 PFSize: 	 6 	 HypVol: 	 15.00000000 	 IGD: 	 0.00000000 	 GD: 	 0.00000000 	 MaxSpread: 	 10.00000000 	 DomOptimalPoints: 	 0 	1111111111111111111111111	0	1554766404
24.142492	25.000000	492	0	892	0.000000 	 PFSize: 	 6 	 HypVol: 	 15.00000000 	 IGD: 	 0.00000000 	 GD: 	 0.00000000 	 MaxSpread: 	 10.00000000 	 DomOptimalPoints: 	 0 	0000000000000000000000000	0	1554766409
24.964705	25.000000	304	0	520	1.000000 	 PFSize: 	 6 	 HypVol: 	 15.00000000 	 IGD: 	 0.00000000 	 GD: 	 0.00000000 	 MaxSpread: 	 10.00000000 	 DomOptimalPoints: 	 0 	1111111111111111111111111	0	1554766414
24.574114	25.000000	914	0	914	0.000000 	 PFSize: 	 6 	 HypVol: 	 15.00000000 	 IGD: 	 0.00000000 	 GD: 	 0.00000000 	 MaxSpread: 	 10.00000000 	 DomOptimalPoints: 	 0 	0000000000000000000000000	0	1554766419
23.823092	25.000000	606	0	606	1.000000 	 PFSize: 	 6 	 HypVol: 	 15.00000000 	 IGD: 	 0.00000000 	 GD: 	 0.00000000 	 MaxSpread: 	 10.00000000 	 DomOptimalPoints: 	 0 	1111111111111111111111111	0	1554766427
24.975838	25.000000	796	0	1316	1.000000 	 PFSize: 	 6 	 HypVol: 	 15.00000000 	 IGD: 	 0.00000000 	 GD: 	 0.00000000 	 MaxSpread: 	 10.00000000 	 DomOptimalPoints: 	 0 	1111111111111111111111111	0	1554766432
23.670458	25.000000	608	0	720	1.000000 	 PFSize: 	 6 	 HypVol: 	 15.00000000 	 IGD: 	 0.00000000 	 GD: 	 0.00000000 	 MaxSpread: 	 10.00000000 	 DomOptimalPoints: 	 0 	1111111111111111111111111	0	1554766437
23.070866	25.000000	202	0	404	0.800000 	 PFSize: 	 6 	 HypVol: 	 15.00000000 	 IGD: 	 0.00000000 	 GD: 	 0.00000000 	 MaxSpread: 	 10.00000000 	 DomOptimalPoints: 	 0 	1111100000111111111111111	0	1554766442
24.886831	25.000000	698	0	804	1.000000 	 PFSize: 	 6 	 HypVol: 	 15.00000000 	 IGD: 	 0.00000000 	 GD: 	 0.00000000 	 MaxSpread: 	 10.00000000 	 DomOptimalPoints: 	 0 	1111111111111111111111111	0	1554766447
24.185741	25.000000	914	0	914	0.000000 	 PFSize: 	 6 	 HypVol: 	 15.00000000 	 IGD: 	 0.00000000 	 GD: 	 0.00000000 	 MaxSpread: 	 10.00000000 	 DomOptimalPoints: 	 0 	0000000000000000000000000	0	1554766452
24.720255	25.000000	694	0	1202	1.000000 	 PFSize: 	 6 	 HypVol: 	 15.00000000 	 IGD: 	 0.00000000 	 GD: 	 0.00000000 	 MaxSpread: 	 10.00000000 	 DomOptimalPoints: 	 0 	1111111111111111111111111	0	1554766457
24.271616	25.000000	298	0	942	1.000000 	 PFSize: 	 6 	 HypVol: 	 15.00000000 	 IGD: 	 0.00000000 	 GD: 	 0.00000000 	 MaxSpread: 	 10.00000000 	 DomOptimalPoints: 	 0 	1111111111111111111111111	0	1554766465
24.184366	25.000000	502	0	502	1.000000 	 PFSize: 	 6 	 HypVol: 	 15.00000000 	 IGD: 	 0.00000000 	 GD: 	 0.00000000 	 MaxSpread: 	 10.00000000 	 DomOptimalPoints: 	 0 	1111111111111111111111111	0	1554766470
24.234497	25.000000	1292	0	1388	0.000000 	 PFSize: 	 6 	 HypVol: 	 15.00000000 	 IGD: 	 0.00000000 	 GD: 	 0.00000000 	 MaxSpread: 	 10.00000000 	 DomOptimalPoints: 	 0 	0000000000000000000000000	0	1554766475
23.777884	25.000000	516	0	516	1.000000 	 PFSize: 	 6 	 HypVol: 	 15.00000000 	 IGD: 	 0.00000000 	 GD: 	 0.00000000 	 MaxSpread: 	 10.00000000 	 DomOptimalPoints: 	 0 	1111111111111111111111111	0	1554766480
24.117258	25.000000	780	0	1002	1.000000 	 PFSize: 	 6 	 HypVol: 	 15.00000000 	 IGD: 	 0.00000000 	 GD: 	 0.00000000 	 MaxSpread: 	 10.00000000 	 DomOptimalPoints: 	 0 	1111111111111111111111111	0	1554766485
24.800028	25.000000	1340	0	1340	1.000000 	 PFSize: 	 6 	 HypVol: 	 15.00000000 	 IGD: 	 0.00000000 	 GD: 	 0.00000000 	 MaxSpread: 	 10.00000000 	 DomOptimalPoints: 	 0 	1111111111111111111111111	0	1554766490
48.444328	50.000000	2284	0	2504	0.000000 	 PFSize: 	 11 	 HypVol: 	 55.00000000 	 IGD: 	 0.00000000 	 GD: 	 0.00000000 	 MaxSpread: 	 20.00000000 	 DomOptimalPoints: 	 0 	00000000000000000000000000000000000000000000000000	1	1554766495
49.783562	50.000000	2054	0	2264	0.000000 	 PFSize: 	 11 	 HypVol: 	 55.00000000 	 IGD: 	 0.00000000 	 GD: 	 0.00000000 	 MaxSpread: 	 20.00000000 	 DomOptimalPoints: 	 0 	00000000000000000000000000000000000000000000000000	0	1554766504
49.472889	50.000000	2244	0	2876	0.000000 	 PFSize: 	 11 	 HypVol: 	 55.00000000 	 IGD: 	 0.00000000 	 GD: 	 0.00000000 	 MaxSpread: 	 20.00000000 	 DomOptimalPoints: 	 0 	00000000000000000000000000000000000000000000000000	0	1554766509
49.622112	50.000000	1010	0	2074	0.000000 	 PFSize: 	 11 	 HypVol: 	 55.00000000 	 IGD: 	 0.00000000 	 GD: 	 0.00000000 	 MaxSpread: 	 20.00000000 	 DomOptimalPoints: 	 0 	00000000000000000000000000000000000000000000000000	0	1554766514
48.714787	50.000000	1636	0	2502	1.000000 	 PFSize: 	 11 	 HypVol: 	 55.00000000 	 IGD: 	 0.00000000 	 GD: 	 0.00000000 	 MaxSpread: 	 20.00000000 	 DomOptimalPoints: 	 0 	11111111111111111111111111111111111111111111111111	0	1554766519
49.791283	50.000000	1862	0	2514	0.000000 	 PFSize: 	 11 	 HypVol: 	 55.00000000 	 IGD: 	 0.00000000 	 GD: 	 0.00000000 	 MaxSpread: 	 20.00000000 	 DomOptimalPoints: 	 0 	00000000000000000000000000000000000000000000000000	0	1554766524
49.772999	50.000000	1662	0	2302	0.000000 	 PFSize: 	 11 	 HypVol: 	 55.00000000 	 IGD: 	 0.00000000 	 GD: 	 0.00000000 	 MaxSpread: 	 20.00000000 	 DomOptimalPoints: 	 0 	00000000000000000000000000000000000000000000000000	0	1554766529
48.287586	50.000000	1206	0	2680	0.000000 	 PFSize: 	 11 	 HypVol: 	 55.00000000 	 IGD: 	 0.00000000 	 GD: 	 0.00000000 	 MaxSpread: 	 20.00000000 	 DomOptimalPoints: 	 0 	00000000000000000000000000000000000000000000000000	0	1554766534
49.445347	50.000000	2642	0	3926	0.000000 	 PFSize: 	 11 	 HypVol: 	 55.00000000 	 IGD: 	 0.00000000 	 GD: 	 0.00000000 	 MaxSpread: 	 20.00000000 	 DomOptimalPoints: 	 0 	00000000000000000000000000000000000000000000000000	0	1554766542
49.825470	50.000000	1206	0	4712	0.000000 	 PFSize: 	 11 	 HypVol: 	 55.00000000 	 IGD: 	 0.00000000 	 GD: 	 0.00000000 	 MaxSpread: 	 20.00000000 	 DomOptimalPoints: 	 0 	00000000000000000000000000000000000000000000000000	0	1554766547
49.975483	50.000000	810	0	2310	0.000000 	 PFSize: 	 11 	 HypVol: 	 55.00000000 	 IGD: 	 0.00000000 	 GD: 	 0.00000000 	 MaxSpread: 	 20.00000000 	 DomOptimalPoints: 	 0 	00000000000000000000000000000000000000000000000000	0	1554766552
49.485233	50.000000	1862	0	2078	0.000000 	 PFSize: 	 11 	 HypVol: 	 55.00000000 	 IGD: 	 0.00000000 	 GD: 	 0.00000000 	 MaxSpread: 	 20.00000000 	 DomOptimalPoints: 	 0 	00000000000000000000000000000000000000000000000000	0	1554766557
49.192013	50.000000	1400	0	3954	1.000000 	 PFSize: 	 11 	 HypVol: 	 55.00000000 	 IGD: 	 0.00000000 	 GD: 	 0.00000000 	 MaxSpread: 	 20.00000000 	 DomOptimalPoints: 	 0 	11111111111111111111111111111111111111111111111111	0	1554766562
48.415859	50.000000	382	0	1630	0.900000 	 PFSize: 	 11 	 HypVol: 	 55.00000000 	 IGD: 	 0.00000000 	 GD: 	 0.00000000 	 MaxSpread: 	 20.00000000 	 DomOptimalPoints: 	 0 	11111111111111111111111111111100000111111111111111	0	1554766567
49.047825	50.000000	800	0	1872	1.000000 	 PFSize: 	 11 	 HypVol: 	 55.00000000 	 IGD: 	 0.00000000 	 GD: 	 0.00000000 	 MaxSpread: 	 20.00000000 	 DomOptimalPoints: 	 0 	11111111111111111111111111111111111111111111111111	0	1554766572
49.691303	50.000000	1852	0	1852	1.000000 	 PFSize: 	 11 	 HypVol: 	 55.00000000 	 IGD: 	 0.00000000 	 GD: 	 0.00000000 	 MaxSpread: 	 20.00000000 	 DomOptimalPoints: 	 0 	11111111111111111111111111111111111111111111111111	0	1554766581
48.190475	50.000000	1396	0	2464	0.000000 	 PFSize: 	 11 	 HypVol: 	 55.00000000 	 IGD: 	 0.00000000 	 GD: 	 0.00000000 	 MaxSpread: 	 20.00000000 	 DomOptimalPoints: 	 0 	00000000000000000000000000000000000000000000000000	0	1554766586
48.888618	50.000000	2448	0	4128	1.000000 	 PFSize: 	 11 	 HypVol: 	 55.00000000 	 IGD: 	 0.00000000 	 GD: 	 0.00000000 	 MaxSpread: 	 20.00000000 	 DomOptimalPoints: 	 0 	11111111111111111111111111111111111111111111111111	0	1554766591
49.284412	50.000000	3344	0	3554	0.000000 	 PFSize: 	 11 	 HypVol: 	 55.00000000 	 IGD: 	 0.00000000 	 GD: 	 0.00000000 	 MaxSpread: 	 20.00000000 	 DomOptimalPoints: 	 0 	00000000000000000000000000000000000000000000000000	0	1554766596
48.724590	50.000000	1848	0	1848	0.000000 	 PFSize: 	 11 	 HypVol: 	 55.00000000 	 IGD: 	 0.00000000 	 GD: 	 0.00000000 	 MaxSpread: 	 20.00000000 	 DomOptimalPoints: 	 0 	00000000000000000000000000000000000000000000000000	0	1554766601
48.180840	50.000000	2044	0	2684	1.000000 	 PFSize: 	 11 	 HypVol: 	 55.00000000 	 IGD: 	 0.00000000 	 GD: 	 0.00000000 	 MaxSpread: 	 20.00000000 	 DomOptimalPoints: 	 0 	11111111111111111111111111111111111111111111111111	0	1554766606
46.328861	50.000000	1246	0	1682	1.000000 	 PFSize: 	 11 	 HypVol: 	 55.00000000 	 IGD: 	 0.00000000 	 GD: 	 0.00000000 	 MaxSpread: 	 20.00000000 	 DomOptimalPoints: 	 0 	11111111111111111111111111111111111111111111111111	0	1554766611
48.163502	50.000000	996	0	2046	1.000000 	 PFSize: 	 11 	 HypVol: 	 55.00000000 	 IGD: 	 0.00000000 	 GD: 	 0.00000000 	 MaxSpread: 	 20.00000000 	 DomOptimalPoints: 	 0 	11111111111111111111111111111111111111111111111111	0	1554766619
48.979019	50.000000	2044	0	2472	1.000000 	 PFSize: 	 11 	 HypVol: 	 55.00000000 	 IGD: 	 0.00000000 	 GD: 	 0.00000000 	 MaxSpread: 	 20.00000000 	 DomOptimalPoints: 	 0 	11111111111111111111111111111111111111111111111111	0	1554766624
49.936825	50.000000	2032	0	4828	0.000000 	 PFSize: 	 11 	 HypVol: 	 55.00000000 	 IGD: 	 0.00000000 	 GD: 	 0.00000000 	 MaxSpread: 	 20.00000000 	 DomOptimalPoints: 	 0 	00000000000000000000000000000000000000000000000000	0	1554766629
49.460739	50.000000	1882	0	2316	0.000000 	 PFSize: 	 11 	 HypVol: 	 55.00000000 	 IGD: 	 0.00000000 	 GD: 	 0.00000000 	 MaxSpread: 	 20.00000000 	 DomOptimalPoints: 	 0 	00000000000000000000000000000000000000000000000000	0	1554766634
49.723495	50.000000	2876	0	3096	0.000000 	 PFSize: 	 11 	 HypVol: 	 55.00000000 	 IGD: 	 0.00000000 	 GD: 	 0.00000000 	 MaxSpread: 	 20.00000000 	 DomOptimalPoints: 	 0 	00000000000000000000000000000000000000000000000000	0	1554766639
49.822140	50.000000	2688	0	2904	1.000000 	 PFSize: 	 11 	 HypVol: 	 55.00000000 	 IGD: 	 0.00000000 	 GD: 	 0.00000000 	 MaxSpread: 	 20.00000000 	 DomOptimalPoints: 	 0 	11111111111111111111111111111111111111111111111111	0	1554766644
49.939503	50.000000	1442	0	1658	1.000000 	 PFSize: 	 11 	 HypVol: 	 55.00000000 	 IGD: 	 0.00000000 	 GD: 	 0.00000000 	 MaxSpread: 	 20.00000000 	 DomOptimalPoints: 	 0 	11111111111111111111111111111111111111111111111111	0	1554766649
48.539192	50.000000	800	0	2264	0.000000 	 PFSize: 	 11 	 HypVol: 	 55.00000000 	 IGD: 	 0.00000000 	 GD: 	 0.00000000 	 MaxSpread: 	 20.00000000 	 DomOptimalPoints: 	 0 	00000000000000000000000000000000000000000000000000	0	1554766658
49.176144	50.000000	2140	0	2140	1.000000 	 PFSize: 	 11 	 HypVol: 	 55.00000000 	 IGD: 	 0.00000000 	 GD: 	 0.00000000 	 MaxSpread: 	 20.00000000 	 DomOptimalPoints: 	 0 	11111111111111111111111111111111111111111111111111	0	1554766663
49.710876	50.000000	992	0	2888	1.000000 	 PFSize: 	 11 	 HypVol: 	 55.00000000 	 IGD: 	 0.00000000 	 GD: 	 0.00000000 	 MaxSpread: 	 20.00000000 	 DomOptimalPoints: 	 0 	11111111111111111111111111111111111111111111111111	0	1554766668
48.740337	50.000000	2884	0	3520	0.000000 	 PFSize: 	 11 	 HypVol: 	 55.00000000 	 IGD: 	 0.00000000 	 GD: 	 0.00000000 	 MaxSpread: 	 20.00000000 	 DomOptimalPoints: 	 0 	00000000000000000000000000000000000000000000000000	0	1554766673
49.075947	50.000000	1832	0	2254	0.000000 	 PFSize: 	 11 	 HypVol: 	 55.00000000 	 IGD: 	 0.00000000 	 GD: 	 0.00000000 	 MaxSpread: 	 20.00000000 	 DomOptimalPoints: 	 0 	00000000000000000000000000000000000000000000000000	0	1554766678
49.539612	50.000000	2042	0	2262	0.000000 	 PFSize: 	 11 	 HypVol: 	 55.00000000 	 IGD: 	 0.00000000 	 GD: 	 0.00000000 	 MaxSpread: 	 20.00000000 	 DomOptimalPoints: 	 0 	00000000000000000000000000000000000000000000000000	0	1554766683
45.912228	50.000000	1004	0	1436	0.700000 	 PFSize: 	 11 	 HypVol: 	 55.00000000 	 IGD: 	 0.00000000 	 GD: 	 0.00000000 	 MaxSpread: 	 20.00000000 	 DomOptimalPoints: 	 0 	00000111111111111111000000000011111111111111111111	0	1554766688
49.747986	50.000000	802	0	1236	1.000000 	 PFSize: 	 11 	 HypVol: 	 55.00000000 	 IGD: 	 0.00000000 	 GD: 	 0.00000000 	 MaxSpread: 	 20.00000000 	 DomOptimalPoints: 	 0 	11111111111111111111111111111111111111111111111111	0	1554766696
49.911369	50.000000	2858	0	3086	1.000000 	 PFSize: 	 11 	 HypVol: 	 55.00000000 	 IGD: 	 0.00000000 	 GD: 	 0.00000000 	 MaxSpread: 	 20.00000000 	 DomOptimalPoints: 	 0 	11111111111111111111111111111111111111111111111111	0	1554766701
48.701439	50.000000	1408	0	1850	0.000000 	 PFSize: 	 11 	 HypVol: 	 55.00000000 	 IGD: 	 0.00000000 	 GD: 	 0.00000000 	 MaxSpread: 	 20.00000000 	 DomOptimalPoints: 	 0 	00000000000000000000000000000000000000000000000000	0	1554766706
47.004684	50.000000	1656	0	1656	0.000000 	 PFSize: 	 11 	 HypVol: 	 55.00000000 	 IGD: 	 0.00000000 	 GD: 	 0.00000000 	 MaxSpread: 	 20.00000000 	 DomOptimalPoints: 	 0 	00000000000000000000000000000000000000000000000000	0	1554766711
48.687122	50.000000	2092	0	2092	1.000000 	 PFSize: 	 11 	 HypVol: 	 55.00000000 	 IGD: 	 0.00000000 	 GD: 	 0.00000000 	 MaxSpread: 	 20.00000000 	 DomOptimalPoints: 	 0 	11111111111111111111111111111111111111111111111111	0	1554766716
49.583733	50.000000	1652	0	2938	0.000000 	 PFSize: 	 11 	 HypVol: 	 55.00000000 	 IGD: 	 0.00000000 	 GD: 	 0.00000000 	 MaxSpread: 	 20.00000000 	 DomOptimalPoints: 	 0 	00000000000000000000000000000000000000000000000000	0	1554766721
49.532230	50.000000	2680	0	2888	0.000000 	 PFSize: 	 11 	 HypVol: 	 55.00000000 	 IGD: 	 0.00000000 	 GD: 	 0.00000000 	 MaxSpread: 	 20.00000000 	 DomOptimalPoints: 	 0 	00000000000000000000000000000000000000000000000000	0	1554766726
49.637440	50.000000	1436	0	1852	0.000000 	 PFSize: 	 11 	 HypVol: 	 55.00000000 	 IGD: 	 0.00000000 	 GD: 	 0.00000000 	 MaxSpread: 	 20.00000000 	 DomOptimalPoints: 	 0 	00000000000000000000000000000000000000000000000000	0	1554766734
48.125832	50.000000	802	0	1866	1.000000 	 PFSize: 	 11 	 HypVol: 	 55.00000000 	 IGD: 	 0.00000000 	 GD: 	 0.00000000 	 MaxSpread: 	 20.00000000 	 DomOptimalPoints: 	 0 	11111111111111111111111111111111111111111111111111	0	1554766739
48.561981	50.000000	398	0	1250	1.000000 	 PFSize: 	 11 	 HypVol: 	 55.00000000 	 IGD: 	 0.00000000 	 GD: 	 0.00000000 	 MaxSpread: 	 20.00000000 	 DomOptimalPoints: 	 0 	11111111111111111111111111111111111111111111111111	0	1554766744
49.961765	50.000000	1610	0	3958	0.000000 	 PFSize: 	 11 	 HypVol: 	 55.00000000 	 IGD: 	 0.00000000 	 GD: 	 0.00000000 	 MaxSpread: 	 20.00000000 	 DomOptimalPoints: 	 0 	00000000000000000000000000000000000000000000000000	0	1554766749
49.009293	50.000000	1228	0	1228	0.000000 	 PFSize: 	 11 	 HypVol: 	 55.00000000 	 IGD: 	 0.00000000 	 GD: 	 0.00000000 	 MaxSpread: 	 20.00000000 	 DomOptimalPoints: 	 0 	00000000000000000000000000000000000000000000000000	0	1554766755
49.327358	50.000000	1204	0	2480	0.000000 	 PFSize: 	 11 	 HypVol: 	 55.00000000 	 IGD: 	 0.00000000 	 GD: 	 0.00000000 	 MaxSpread: 	 20.00000000 	 DomOptimalPoints: 	 0 	00000000000000000000000000000000000000000000000000	0	1554766760
49.660641	50.000000	1218	0	2888	0.000000 	 PFSize: 	 11 	 HypVol: 	 55.00000000 	 IGD: 	 0.00000000 	 GD: 	 0.00000000 	 MaxSpread: 	 20.00000000 	 DomOptimalPoints: 	 0 	00000000000000000000000000000000000000000000000000	0	1554766765
98.315224	100.000000	1202	0	3330	0.950000 	 PFSize: 	 21 	 HypVol: 	 210.00000000 	 IGD: 	 0.00000000 	 GD: 	 0.00000000 	 MaxSpread: 	 40.00000000 	 DomOptimalPoints: 	 0 	1111111111111111111111111111111111111111111111111111111111110000011111111111111111111111111111111111	0	1554766773
97.890312	100.000000	3300	0	5470	1.000000 	 PFSize: 	 21 	 HypVol: 	 210.00000000 	 IGD: 	 0.00000000 	 GD: 	 0.00000000 	 MaxSpread: 	 40.00000000 	 DomOptimalPoints: 	 0 	1111111111111111111111111111111111111111111111111111111111111111111111111111111111111111111111111111	0	1554766778
99.217949	100.000000	3238	0	4510	0.000000 	 PFSize: 	 21 	 HypVol: 	 210.00000000 	 IGD: 	 0.00000000 	 GD: 	 0.00000000 	 MaxSpread: 	 40.00000000 	 DomOptimalPoints: 	 0 	0000000000000000000000000000000000000000000000000000000000000000000000000000000000000000000000000000	0	1554766783
96.653023	100.000000	3768	0	6442	0.000000 	 PFSize: 	 21 	 HypVol: 	 210.00000000 	 IGD: 	 0.00000000 	 GD: 	 0.00000000 	 MaxSpread: 	 40.00000000 	 DomOptimalPoints: 	 0 	0000000000000000000000000000000000000000000000000000000000000000000000000000000000000000000000000000	0	1554766788
98.721451	100.000000	3318	0	4194	0.950000 	 PFSize: 	 21 	 HypVol: 	 210.00000000 	 IGD: 	 0.00000000 	 GD: 	 0.00000000 	 MaxSpread: 	 40.00000000 	 DomOptimalPoints: 	 0 	0000011111111111111111111111111111111111111111111111111111111111111111111111111111111111111111111111	0	1554766793
99.201683	100.000000	1204	0	7470	1.000000 	 PFSize: 	 21 	 HypVol: 	 210.00000000 	 IGD: 	 0.00000000 	 GD: 	 0.00000000 	 MaxSpread: 	 40.00000000 	 DomOptimalPoints: 	 0 	1111111111111111111111111111111111111111111111111111111111111111111111111111111111111111111111111111	0	1554766798
97.069168	100.000000	1196	0	5374	0.050000 	 PFSize: 	 21 	 HypVol: 	 210.00000000 	 IGD: 	 0.00000000 	 GD: 	 0.00000000 	 MaxSpread: 	 40.00000000 	 DomOptimalPoints: 	 0 	0000000000000000000000000000000000000000000000000000000000000000000000000000000000000000001111100000	0	1554766803
98.659416	100.000000	2828	0	8730	0.000000 	 PFSize: 	 21 	 HypVol: 	 210.00000000 	 IGD: 	 0.00000000 	 GD: 	 0.00000000 	 MaxSpread: 	 40.00000000 	 DomOptimalPoints: 	 0 	0000000000000000000000000000000000000000000000000000000000000000000000000000000000000000000000000000	0	1554766811
97.236244	100.000000	3776	0	4218	1.000000 	 PFSize: 	 21 	 HypVol: 	 210.00000000 	 IGD: 	 0.00000000 	 GD: 	 0.00000000 	 MaxSpread: 	 40.00000000 	 DomOptimalPoints: 	 0 	1111111111111111111111111111111111111111111111111111111111111111111111111111111111111111111111111111	0	1554766816
98.824661	100.000000	6176	0	6176	0.000000 	 PFSize: 	 21 	 HypVol: 	 210.00000000 	 IGD: 	 0.00000000 	 GD: 	 0.00000000 	 MaxSpread: 	 40.00000000 	 DomOptimalPoints: 	 0 	0000000000000000000000000000000000000000000000000000000000000000000000000000000000000000000000000000	0	1554766821
98.707809	100.000000	1620	0	5420	0.000000 	 PFSize: 	 21 	 HypVol: 	 210.00000000 	 IGD: 	 0.00000000 	 GD: 	 0.00000000 	 MaxSpread: 	 40.00000000 	 DomOptimalPoints: 	 0 	0000000000000000000000000000000000000000000000000000000000000000000000000000000000000000000000000000	0	1554766826
96.373611	100.000000	3308	0	3744	1.000000 	 PFSize: 	 21 	 HypVol: 	 210.00000000 	 IGD: 	 0.00000000 	 GD: 	 0.00000000 	 MaxSpread: 	 40.00000000 	 DomOptimalPoints: 	 0 	1111111111111111111111111111111111111111111111111111111111111111111111111111111111111111111111111111	0	1554766831
93.760872	100.000000	2856	1	3716	1.000000 	 PFSize: 	 21 	 HypVol: 	 210.00000000 	 IGD: 	 0.00000000 	 GD: 	 0.00000000 	 MaxSpread: 	 40.00000000 	 DomOptimalPoints: 	 0 	1111111111111111111111111111111111111111111111111111111111111111111111111111111111111111111111111111	1	1554766836
98.910835	100.000000	2878	0	4150	0.050000 	 PFSize: 	 21 	 HypVol: 	 210.00000000 	 IGD: 	 0.00000000 	 GD: 	 0.00000000 	 MaxSpread: 	 40.00000000 	 DomOptimalPoints: 	 0 	0000011111000000000000000000000000000000000000000000000000000000000000000000000000000000000000000000	0	1554766842
99.614990	100.000000	798	0	4962	0.000000 	 PFSize: 	 21 	 HypVol: 	 210.00000000 	 IGD: 	 0.00000000 	 GD: 	 0.00000000 	 MaxSpread: 	 40.00000000 	 DomOptimalPoints: 	 0 	0000000000000000000000000000000000000000000000000000000000000000000000000000000000000000000000000000	0	1554766850
99.402893	100.000000	2884	0	3758	1.000000 	 PFSize: 	 21 	 HypVol: 	 210.00000000 	 IGD: 	 0.00000000 	 GD: 	 0.00000000 	 MaxSpread: 	 40.00000000 	 DomOptimalPoints: 	 0 	1111111111111111111111111111111111111111111111111111111111111111111111111111111111111111111111111111	0	1554766855
98.804642	100.000000	3722	0	4598	0.050000 	 PFSize: 	 21 	 HypVol: 	 210.00000000 	 IGD: 	 0.00000000 	 GD: 	 0.00000000 	 MaxSpread: 	 40.00000000 	 DomOptimalPoints: 	 0 	0000000000000000000000000000001111100000000000000000000000000000000000000000000000000000000000000000	0	1554766860
98.812416	100.000000	2016	0	5434	1.000000 	 PFSize: 	 21 	 HypVol: 	 210.00000000 	 IGD: 	 0.00000000 	 GD: 	 0.00000000 	 MaxSpread: 	 40.00000000 	 DomOptimalPoints: 	 0 	1111111111111111111111111111111111111111111111111111111111111111111111111111111111111111111111111111	0	1554766865
96.059357	100.000000	5704	0	6572	0.000000 	 PFSize: 	 21 	 HypVol: 	 210.00000000 	 IGD: 	 0.00000000 	 GD: 	 0.00000000 	 MaxSpread: 	 40.00000000 	 DomOptimalPoints: 	 0 	0000000000000000000000000000000000000000000000000000000000000000000000000000000000000000000000000000	0	1554766870
98.316719	100.000000	1618	0	4570	0.950000 	 PFSize: 	 21 	 HypVol: 	 210.00000000 	 IGD: 	 0.00000000 	 GD: 	 0.00000000 	 MaxSpread: 	 40.00000000 	 DomOptimalPoints: 	 0 	1111111111111111111111111111111111111111111111111111111111111111111111111111111111111000001111111111	0	1554766875
99.388512	100.000000	4174	0	4174	0.000000 	 PFSize: 	 21 	 HypVol: 	 210.00000000 	 IGD: 	 0.00000000 	 GD: 	 0.00000000 	 MaxSpread: 	 40.00000000 	 DomOptimalPoints: 	 0 	0000000000000000000000000000000000000000000000000000000000000000000000000000000000000000000000000000	0	1554766880
99.594643	100.000000	6326	0	6326	1.000000 	 PFSize: 	 21 	 HypVol: 	 210.00000000 	 IGD: 	 0.00000000 	 GD: 	 0.00000000 	 MaxSpread: 	 40.00000000 	 DomOptimalPoints: 	 0 	1111111111111111111111111111111111111111111111111111111111111111111111111111111111111111111111111111	0	1554766888
99.716187	100.000000	2026	0	7570	0.000000 	 PFSize: 	 21 	 HypVol: 	 210.00000000 	 IGD: 	 0.00000000 	 GD: 	 0.00000000 	 MaxSpread: 	 40.00000000 	 DomOptimalPoints: 	 0 	0000000000000000000000000000000000000000000000000000000000000000000000000000000000000000000000000000	0	1554766893
96.939552	100.000000	1206	0	3308	0.850000 	 PFSize: 	 21 	 HypVol: 	 210.00000000 	 IGD: 	 0.00000000 	 GD: 	 0.00000000 	 MaxSpread: 	 40.00000000 	 DomOptimalPoints: 	 0 	0000000000111111111111111111111111111111111110000011111111111111111111111111111111111111111111111111	0	1554766898
98.966919	100.000000	2020	0	4582	0.000000 	 PFSize: 	 21 	 HypVol: 	 210.00000000 	 IGD: 	 0.00000000 	 GD: 	 0.00000000 	 MaxSpread: 	 40.00000000 	 DomOptimalPoints: 	 0 	0000000000000000000000000000000000000000000000000000000000000000000000000000000000000000000000000000	0	1554766903
99.496239	100.000000	4496	0	5782	0.000000 	 PFSize: 	 21 	 HypVol: 	 210.00000000 	 IGD: 	 0.00000000 	 GD: 	 0.00000000 	 MaxSpread: 	 40.00000000 	 DomOptimalPoints: 	 0 	0000000000000000000000000000000000000000000000000000000000000000000000000000000000000000000000000000	0	1554766908
97.511475	100.000000	3288	0	4584	0.000000 	 PFSize: 	 21 	 HypVol: 	 210.00000000 	 IGD: 	 0.00000000 	 GD: 	 0.00000000 	 MaxSpread: 	 40.00000000 	 DomOptimalPoints: 	 0 	0000000000000000000000000000000000000000000000000000000000000000000000000000000000000000000000000000	0	1554766913
96.871429	100.000000	2018	0	4120	1.000000 	 PFSize: 	 21 	 HypVol: 	 210.00000000 	 IGD: 	 0.00000000 	 GD: 	 0.00000000 	 MaxSpread: 	 40.00000000 	 DomOptimalPoints: 	 0 	1111111111111111111111111111111111111111111111111111111111111111111111111111111111111111111111111111	0	1554766918
94.796364	100.000000	2446	0	4594	0.000000 	 PFSize: 	 21 	 HypVol: 	 210.00000000 	 IGD: 	 0.00000000 	 GD: 	 0.00000000 	 MaxSpread: 	 40.00000000 	 DomOptimalPoints: 	 0 	0000000000000000000000000000000000000000000000000000000000000000000000000000000000000000000000000000	0	1554766926
97.907776	100.000000	3314	0	4194	1.000000 	 PFSize: 	 21 	 HypVol: 	 210.00000000 	 IGD: 	 0.00000000 	 GD: 	 0.00000000 	 MaxSpread: 	 40.00000000 	 DomOptimalPoints: 	 0 	1111111111111111111111111111111111111111111111111111111111111111111111111111111111111111111111111111	1	1554766931
98.640663	100.000000	5414	0	5414	0.000000 	 PFSize: 	 21 	 HypVol: 	 210.00000000 	 IGD: 	 0.00000000 	 GD: 	 0.00000000 	 MaxSpread: 	 40.00000000 	 DomOptimalPoints: 	 0 	0000000000000000000000000000000000000000000000000000000000000000000000000000000000000000000000000000	0	1554766937
98.577148	100.000000	3626	0	6204	1.000000 	 PFSize: 	 21 	 HypVol: 	 210.00000000 	 IGD: 	 0.00000000 	 GD: 	 0.00000000 	 MaxSpread: 	 40.00000000 	 DomOptimalPoints: 	 0 	1111111111111111111111111111111111111111111111111111111111111111111111111111111111111111111111111111	0	1554766942
99.391266	100.000000	7454	0	7454	1.000000 	 PFSize: 	 21 	 HypVol: 	 210.00000000 	 IGD: 	 0.00000000 	 GD: 	 0.00000000 	 MaxSpread: 	 40.00000000 	 DomOptimalPoints: 	 0 	1111111111111111111111111111111111111111111111111111111111111111111111111111111111111111111111111111	0	1554766947
99.711418	100.000000	2860	0	5870	1.000000 	 PFSize: 	 21 	 HypVol: 	 210.00000000 	 IGD: 	 0.00000000 	 GD: 	 0.00000000 	 MaxSpread: 	 40.00000000 	 DomOptimalPoints: 	 0 	1111111111111111111111111111111111111111111111111111111111111111111111111111111111111111111111111111	0	1554766952
97.615089	100.000000	1202	0	4518	1.000000 	 PFSize: 	 21 	 HypVol: 	 210.00000000 	 IGD: 	 0.00000000 	 GD: 	 0.00000000 	 MaxSpread: 	 40.00000000 	 DomOptimalPoints: 	 0 	1111111111111111111111111111111111111111111111111111111111111111111111111111111111111111111111111111	0	1554766957
98.667587	100.000000	3316	0	4194	1.000000 	 PFSize: 	 21 	 HypVol: 	 210.00000000 	 IGD: 	 0.00000000 	 GD: 	 0.00000000 	 MaxSpread: 	 40.00000000 	 DomOptimalPoints: 	 0 	1111111111111111111111111111111111111111111111111111111111111111111111111111111111111111111111111111	0	1554766965
99.258720	100.000000	5326	0	6632	1.000000 	 PFSize: 	 21 	 HypVol: 	 210.00000000 	 IGD: 	 0.00000000 	 GD: 	 0.00000000 	 MaxSpread: 	 40.00000000 	 DomOptimalPoints: 	 0 	1111111111111111111111111111111111111111111111111111111111111111111111111111111111111111111111111111	0	1554766970
97.640114	100.000000	2442	0	3310	0.050000 	 PFSize: 	 21 	 HypVol: 	 210.00000000 	 IGD: 	 0.00000000 	 GD: 	 0.00000000 	 MaxSpread: 	 40.00000000 	 DomOptimalPoints: 	 0 	1111100000000000000000000000000000000000000000000000000000000000000000000000000000000000000000000000	0	1554766975
98.932396	100.000000	2452	0	5048	0.000000 	 PFSize: 	 21 	 HypVol: 	 210.00000000 	 IGD: 	 0.00000000 	 GD: 	 0.00000000 	 MaxSpread: 	 40.00000000 	 DomOptimalPoints: 	 0 	0000000000000000000000000000000000000000000000000000000000000000000000000000000000000000000000000000	0	1554766980
99.391228	100.000000	2442	0	4554	0.000000 	 PFSize: 	 21 	 HypVol: 	 210.00000000 	 IGD: 	 0.00000000 	 GD: 	 0.00000000 	 MaxSpread: 	 40.00000000 	 DomOptimalPoints: 	 0 	0000000000000000000000000000000000000000000000000000000000000000000000000000000000000000000000000000	0	1554766985
99.865036	100.000000	2450	0	3730	0.000000 	 PFSize: 	 21 	 HypVol: 	 210.00000000 	 IGD: 	 0.00000000 	 GD: 	 0.00000000 	 MaxSpread: 	 40.00000000 	 DomOptimalPoints: 	 0 	0000000000000000000000000000000000000000000000000000000000000000000000000000000000000000000000000000	0	1554766990
93.161713	100.000000	2904	0	4226	0.000000 	 PFSize: 	 21 	 HypVol: 	 210.00000000 	 IGD: 	 0.00000000 	 GD: 	 0.00000000 	 MaxSpread: 	 40.00000000 	 DomOptimalPoints: 	 0 	0000000000000000000000000000000000000000000000000000000000000000000000000000000000000000000000000000	0	1554766995
98.133904	100.000000	1196	0	4614	0.050000 	 PFSize: 	 21 	 HypVol: 	 210.00000000 	 IGD: 	 0.00000000 	 GD: 	 0.00000000 	 MaxSpread: 	 40.00000000 	 DomOptimalPoints: 	 0 	0000000000000000000000000000000000000000000000000000000000000000000000111110000000000000000000000000	0	1554767003
96.177025	100.000000	2040	1	3736	1.000000 	 PFSize: 	 21 	 HypVol: 	 210.00000000 	 IGD: 	 0.00000000 	 GD: 	 0.00000000 	 MaxSpread: 	 40.00000000 	 DomOptimalPoints: 	 0 	1111111111111111111111111111111111111111111111111111111111111111111111111111111111111111111111111111	1	1554767008
96.066597	100.000000	3700	0	3700	0.000000 	 PFSize: 	 21 	 HypVol: 	 210.00000000 	 IGD: 	 0.00000000 	 GD: 	 0.00000000 	 MaxSpread: 	 40.00000000 	 DomOptimalPoints: 	 0 	0000000000000000000000000000000000000000000000000000000000000000000000000000000000000000000000000000	0	1554767013
97.424065	100.000000	5772	0	5772	0.000000 	 PFSize: 	 21 	 HypVol: 	 210.00000000 	 IGD: 	 0.00000000 	 GD: 	 0.00000000 	 MaxSpread: 	 40.00000000 	 DomOptimalPoints: 	 0 	0000000000000000000000000000000000000000000000000000000000000000000000000000000000000000000000000000	0	1554767019
98.241272	100.000000	2024	0	5036	0.000000 	 PFSize: 	 21 	 HypVol: 	 210.00000000 	 IGD: 	 0.00000000 	 GD: 	 0.00000000 	 MaxSpread: 	 40.00000000 	 DomOptimalPoints: 	 0 	0000000000000000000000000000000000000000000000000000000000000000000000000000000000000000000000000000	0	1554767024
98.714508	100.000000	5396	0	5396	0.000000 	 PFSize: 	 21 	 HypVol: 	 210.00000000 	 IGD: 	 0.00000000 	 GD: 	 0.00000000 	 MaxSpread: 	 40.00000000 	 DomOptimalPoints: 	 0 	0000000000000000000000000000000000000000000000000000000000000000000000000000000000000000000000000000	0	1554767029
99.295204	100.000000	3280	0	4144	0.000000 	 PFSize: 	 21 	 HypVol: 	 210.00000000 	 IGD: 	 0.00000000 	 GD: 	 0.00000000 	 MaxSpread: 	 40.00000000 	 DomOptimalPoints: 	 0 	0000000000000000000000000000000000000000000000000000000000000000000000000000000000000000000000000000	0	1554767034
97.241936	100.000000	2024	0	4596	0.050000 	 PFSize: 	 21 	 HypVol: 	 210.00000000 	 IGD: 	 0.00000000 	 GD: 	 0.00000000 	 MaxSpread: 	 40.00000000 	 DomOptimalPoints: 	 0 	0000000000000000000000000000000000000000000000000000000000000000000000111110000000000000000000000000	0	1554767042
199.895966	200.000000	4866	0	12470	1.000000 	 PFSize: 	 41 	 HypVol: 	 820.00000000 	 IGD: 	 0.00000000 	 GD: 	 0.00000000 	 MaxSpread: 	 80.00000000 	 DomOptimalPoints: 	 0 	11111111111111111111111111111111111111111111111111111111111111111111111111111111111111111111111111111111111111111111111111111111111111111111111111111111111111111111111111111111111111111111111111111111	0	1554767047
199.528397	200.000000	4838	0	10732	1.000000 	 PFSize: 	 41 	 HypVol: 	 820.00000000 	 IGD: 	 0.00000000 	 GD: 	 0.00000000 	 MaxSpread: 	 80.00000000 	 DomOptimalPoints: 	 0 	11111111111111111111111111111111111111111111111111111111111111111111111111111111111111111111111111111111111111111111111111111111111111111111111111111111111111111111111111111111111111111111111111111111	0	1554767052
196.272919	200.000000	4852	0	9098	0.925000 	 PFSize: 	 41 	 HypVol: 	 820.00000000 	 IGD: 	 0.00000000 	 GD: 	 0.00000000 	 MaxSpread: 	 80.00000000 	 DomOptimalPoints: 	 0 	11111000001111111111111111111111111111110000011111111111111111111111111111111111111111111111111111111111111111111111111111111111111111111111111111111111111111111111111111111111111111111000001111111111	0	1554767057
198.741806	200.000000	4860	0	9116	1.000000 	 PFSize: 	 41 	 HypVol: 	 820.00000000 	 IGD: 	 0.00000000 	 GD: 	 0.00000000 	 MaxSpread: 	 80.00000000 	 DomOptimalPoints: 	 0 	11111111111111111111111111111111111111111111111111111111111111111111111111111111111111111111111111111111111111111111111111111111111111111111111111111111111111111111111111111111111111111111111111111111	0	1554767062
198.322235	200.000000	4876	0	12502	1.000000 	 PFSize: 	 41 	 HypVol: 	 820.00000000 	 IGD: 	 0.00000000 	 GD: 	 0.00000000 	 MaxSpread: 	 80.00000000 	 DomOptimalPoints: 	 0 	11111111111111111111111111111111111111111111111111111111111111111111111111111111111111111111111111111111111111111111111111111111111111111111111111111111111111111111111111111111111111111111111111111111	0	1554767067
198.538879	200.000000	10024	0	10024	1.000000 	 PFSize: 	 41 	 HypVol: 	 820.00000000 	 IGD: 	 0.00000000 	 GD: 	 0.00000000 	 MaxSpread: 	 80.00000000 	 DomOptimalPoints: 	 0 	11111111111111111111111111111111111111111111111111111111111111111111111111111111111111111111111111111111111111111111111111111111111111111111111111111111111111111111111111111111111111111111111111111111	0	1554767072
197.134903	200.000000	4874	0	9164	1.000000 	 PFSize: 	 41 	 HypVol: 	 820.00000000 	 IGD: 	 0.00000000 	 GD: 	 0.00000000 	 MaxSpread: 	 80.00000000 	 DomOptimalPoints: 	 0 	11111111111111111111111111111111111111111111111111111111111111111111111111111111111111111111111111111111111111111111111111111111111111111111111111111111111111111111111111111111111111111111111111111111	1	1554767080
199.029541	200.000000	10752	1	11612	0.000000 	 PFSize: 	 41 	 HypVol: 	 820.00000000 	 IGD: 	 0.00000000 	 GD: 	 0.00000000 	 MaxSpread: 	 80.00000000 	 DomOptimalPoints: 	 0 	00000000000000000000000000000000000000000000000000000000000000000000000000000000000000000000000000000000000000000000000000000000000000000000000000000000000000000000000000000000000000000000000000000000	1	1554767085
196.111420	200.000000	4876	1	11658	1.000000 	 PFSize: 	 41 	 HypVol: 	 820.00000000 	 IGD: 	 0.00000000 	 GD: 	 0.00000000 	 MaxSpread: 	 80.00000000 	 DomOptimalPoints: 	 0 	11111111111111111111111111111111111111111111111111111111111111111111111111111111111111111111111111111111111111111111111111111111111111111111111111111111111111111111111111111111111111111111111111111111	1	1554767090
198.963257	200.000000	6532	0	14188	0.000000 	 PFSize: 	 41 	 HypVol: 	 820.00000000 	 IGD: 	 0.00000000 	 GD: 	 0.00000000 	 MaxSpread: 	 80.00000000 	 DomOptimalPoints: 	 0 	00000000000000000000000000000000000000000000000000000000000000000000000000000000000000000000000000000000000000000000000000000000000000000000000000000000000000000000000000000000000000000000000000000000	0	1554767096
194.858414	200.000000	4848	0	10794	1.000000 	 PFSize: 	 41 	 HypVol: 	 820.00000000 	 IGD: 	 0.00000000 	 GD: 	 0.00000000 	 MaxSpread: 	 80.00000000 	 DomOptimalPoints: 	 0 	11111111111111111111111111111111111111111111111111111111111111111111111111111111111111111111111111111111111111111111111111111111111111111111111111111111111111111111111111111111111111111111111111111111	0	1554767101
194.235931	200.000000	4874	0	8274	1.000000 	 PFSize: 	 41 	 HypVol: 	 820.00000000 	 IGD: 	 0.00000000 	 GD: 	 0.00000000 	 MaxSpread: 	 80.00000000 	 DomOptimalPoints: 	 0 	11111111111111111111111111111111111111111111111111111111111111111111111111111111111111111111111111111111111111111111111111111111111111111111111111111111111111111111111111111111111111111111111111111111	0	1554767106
196.873535	200.000000	7418	0	11812	1.000000 	 PFSize: 	 41 	 HypVol: 	 820.00000000 	 IGD: 	 0.00000000 	 GD: 	 0.00000000 	 MaxSpread: 	 80.00000000 	 DomOptimalPoints: 	 0 	11111111111111111111111111111111111111111111111111111111111111111111111111111111111111111111111111111111111111111111111111111111111111111111111111111111111111111111111111111111111111111111111111111111	0	1554767111
193.390579	200.000000	9874	0	14204	1.000000 	 PFSize: 	 41 	 HypVol: 	 820.00000000 	 IGD: 	 0.00000000 	 GD: 	 0.00000000 	 MaxSpread: 	 80.00000000 	 DomOptimalPoints: 	 0 	11111111111111111111111111111111111111111111111111111111111111111111111111111111111111111111111111111111111111111111111111111111111111111111111111111111111111111111111111111111111111111111111111111111	0	1554767119
197.690765	200.000000	8304	0	10048	1.000000 	 PFSize: 	 41 	 HypVol: 	 820.00000000 	 IGD: 	 0.00000000 	 GD: 	 0.00000000 	 MaxSpread: 	 80.00000000 	 DomOptimalPoints: 	 0 	11111111111111111111111111111111111111111111111111111111111111111111111111111111111111111111111111111111111111111111111111111111111111111111111111111111111111111111111111111111111111111111111111111111	0	1554767124
198.301971	200.000000	9070	0	9922	0.000000 	 PFSize: 	 41 	 HypVol: 	 820.00000000 	 IGD: 	 0.00000000 	 GD: 	 0.00000000 	 MaxSpread: 	 80.00000000 	 DomOptimalPoints: 	 0 	00000000000000000000000000000000000000000000000000000000000000000000000000000000000000000000000000000000000000000000000000000000000000000000000000000000000000000000000000000000000000000000000000000000	0	1554767129
191.618027	200.000000	7402	0	9966	0.000000 	 PFSize: 	 41 	 HypVol: 	 820.00000000 	 IGD: 	 0.00000000 	 GD: 	 0.00000000 	 MaxSpread: 	 80.00000000 	 DomOptimalPoints: 	 0 	00000000000000000000000000000000000000000000000000000000000000000000000000000000000000000000000000000000000000000000000000000000000000000000000000000000000000000000000000000000000000000000000000000000	0	1554767134
197.046967	200.000000	9092	0	13464	1.000000 	 PFSize: 	 41 	 HypVol: 	 820.00000000 	 IGD: 	 0.00000000 	 GD: 	 0.00000000 	 MaxSpread: 	 80.00000000 	 DomOptimalPoints: 	 0 	11111111111111111111111111111111111111111111111111111111111111111111111111111111111111111111111111111111111111111111111111111111111111111111111111111111111111111111111111111111111111111111111111111111	0	1554767139
197.437561	200.000000	5738	0	12708	0.025000 	 PFSize: 	 41 	 HypVol: 	 820.00000000 	 IGD: 	 0.00000000 	 GD: 	 0.00000000 	 MaxSpread: 	 80.00000000 	 DomOptimalPoints: 	 0 	00000000000000000000000000000000000000000000000000000000000000000000000000000000000000000000000000000000000000000000000000000000000000000000000000000011111000000000000000000000000000000000000000000000	0	1554767144
199.569687	200.000000	4042	0	8254	0.000000 	 PFSize: 	 41 	 HypVol: 	 820.00000000 	 IGD: 	 0.00000000 	 GD: 	 0.00000000 	 MaxSpread: 	 80.00000000 	 DomOptimalPoints: 	 0 	00000000000000000000000000000000000000000000000000000000000000000000000000000000000000000000000000000000000000000000000000000000000000000000000000000000000000000000000000000000000000000000000000000000	0	1554767149
196.716446	200.000000	7358	0	10752	0.000000 	 PFSize: 	 41 	 HypVol: 	 820.00000000 	 IGD: 	 0.00000000 	 GD: 	 0.00000000 	 MaxSpread: 	 80.00000000 	 DomOptimalPoints: 	 0 	00000000000000000000000000000000000000000000000000000000000000000000000000000000000000000000000000000000000000000000000000000000000000000000000000000000000000000000000000000000000000000000000000000000	0	1554767157
192.721893	200.000000	5692	0	10806	1.000000 	 PFSize: 	 41 	 HypVol: 	 820.00000000 	 IGD: 	 0.00000000 	 GD: 	 0.00000000 	 MaxSpread: 	 80.00000000 	 DomOptimalPoints: 	 0 	11111111111111111111111111111111111111111111111111111111111111111111111111111111111111111111111111111111111111111111111111111111111111111111111111111111111111111111111111111111111111111111111111111111	0	1554767162
197.456070	200.000000	8066	1	12304	0.000000 	 PFSize: 	 41 	 HypVol: 	 820.00000000 	 IGD: 	 0.00000000 	 GD: 	 0.00000000 	 MaxSpread: 	 80.00000000 	 DomOptimalPoints: 	 0 	00000000000000000000000000000000000000000000000000000000000000000000000000000000000000000000000000000000000000000000000000000000000000000000000000000000000000000000000000000000000000000000000000000000	1	1554767167
196.695343	200.000000	12502	1	12502	0.000000 	 PFSize: 	 41 	 HypVol: 	 820.00000000 	 IGD: 	 0.00000000 	 GD: 	 0.00000000 	 MaxSpread: 	 80.00000000 	 DomOptimalPoints: 	 0 	00000000000000000000000000000000000000000000000000000000000000000000000000000000000000000000000000000000000000000000000000000000000000000000000000000000000000000000000000000000000000000000000000000000	1	1554767172
196.413239	200.000000	5678	0	10840	0.000000 	 PFSize: 	 41 	 HypVol: 	 820.00000000 	 IGD: 	 0.00000000 	 GD: 	 0.00000000 	 MaxSpread: 	 80.00000000 	 DomOptimalPoints: 	 0 	00000000000000000000000000000000000000000000000000000000000000000000000000000000000000000000000000000000000000000000000000000000000000000000000000000000000000000000000000000000000000000000000000000000	0	1554767178
191.950027	200.000000	2402	0	12392	0.975000 	 PFSize: 	 41 	 HypVol: 	 820.00000000 	 IGD: 	 0.00000000 	 GD: 	 0.00000000 	 MaxSpread: 	 80.00000000 	 DomOptimalPoints: 	 0 	11111111111111111111111111111111111111111111111111111111111111111111111111111111000001111111111111111111111111111111111111111111111111111111111111111111111111111111111111111111111111111111111111111111	0	1554767183
198.651047	200.000000	11746	0	17028	0.000000 	 PFSize: 	 41 	 HypVol: 	 820.00000000 	 IGD: 	 0.00000000 	 GD: 	 0.00000000 	 MaxSpread: 	 80.00000000 	 DomOptimalPoints: 	 0 	00000000000000000000000000000000000000000000000000000000000000000000000000000000000000000000000000000000000000000000000000000000000000000000000000000000000000000000000000000000000000000000000000000000	0	1554767188
191.701080	200.000000	11552	0	13282	0.000000 	 PFSize: 	 41 	 HypVol: 	 820.00000000 	 IGD: 	 0.00000000 	 GD: 	 0.00000000 	 MaxSpread: 	 80.00000000 	 DomOptimalPoints: 	 0 	00000000000000000000000000000000000000000000000000000000000000000000000000000000000000000000000000000000000000000000000000000000000000000000000000000000000000000000000000000000000000000000000000000000	0	1554767196
197.300583	200.000000	4026	0	11758	1.000000 	 PFSize: 	 41 	 HypVol: 	 820.00000000 	 IGD: 	 0.00000000 	 GD: 	 0.00000000 	 MaxSpread: 	 80.00000000 	 DomOptimalPoints: 	 0 	11111111111111111111111111111111111111111111111111111111111111111111111111111111111111111111111111111111111111111111111111111111111111111111111111111111111111111111111111111111111111111111111111111111	0	1554767201
196.178238	200.000000	4032	0	10020	1.000000 	 PFSize: 	 41 	 HypVol: 	 820.00000000 	 IGD: 	 0.00000000 	 GD: 	 0.00000000 	 MaxSpread: 	 80.00000000 	 DomOptimalPoints: 	 0 	11111111111111111111111111111111111111111111111111111111111111111111111111111111111111111111111111111111111111111111111111111111111111111111111111111111111111111111111111111111111111111111111111111111	0	1554767206
199.281052	200.000000	3210	0	10836	1.000000 	 PFSize: 	 41 	 HypVol: 	 820.00000000 	 IGD: 	 0.00000000 	 GD: 	 0.00000000 	 MaxSpread: 	 80.00000000 	 DomOptimalPoints: 	 0 	11111111111111111111111111111111111111111111111111111111111111111111111111111111111111111111111111111111111111111111111111111111111111111111111111111111111111111111111111111111111111111111111111111111	0	1554767211
196.005768	200.000000	8200	0	11602	1.000000 	 PFSize: 	 41 	 HypVol: 	 820.00000000 	 IGD: 	 0.00000000 	 GD: 	 0.00000000 	 MaxSpread: 	 80.00000000 	 DomOptimalPoints: 	 0 	11111111111111111111111111111111111111111111111111111111111111111111111111111111111111111111111111111111111111111111111111111111111111111111111111111111111111111111111111111111111111111111111111111111	0	1554767216
197.154663	200.000000	5726	0	10062	0.000000 	 PFSize: 	 41 	 HypVol: 	 820.00000000 	 IGD: 	 0.00000000 	 GD: 	 0.00000000 	 MaxSpread: 	 80.00000000 	 DomOptimalPoints: 	 0 	00000000000000000000000000000000000000000000000000000000000000000000000000000000000000000000000000000000000000000000000000000000000000000000000000000000000000000000000000000000000000000000000000000000	0	1554767221
199.785828	200.000000	10018	0	11760	1.000000 	 PFSize: 	 41 	 HypVol: 	 820.00000000 	 IGD: 	 0.00000000 	 GD: 	 0.00000000 	 MaxSpread: 	 80.00000000 	 DomOptimalPoints: 	 0 	11111111111111111111111111111111111111111111111111111111111111111111111111111111111111111111111111111111111111111111111111111111111111111111111111111111111111111111111111111111111111111111111111111111	0	1554767226
199.452652	200.000000	8246	0	10826	1.000000 	 PFSize: 	 41 	 HypVol: 	 820.00000000 	 IGD: 	 0.00000000 	 GD: 	 0.00000000 	 MaxSpread: 	 80.00000000 	 DomOptimalPoints: 	 0 	11111111111111111111111111111111111111111111111111111111111111111111111111111111111111111111111111111111111111111111111111111111111111111111111111111111111111111111111111111111111111111111111111111111	0	1554767234
197.957581	200.000000	7432	0	10028	1.000000 	 PFSize: 	 41 	 HypVol: 	 820.00000000 	 IGD: 	 0.00000000 	 GD: 	 0.00000000 	 MaxSpread: 	 80.00000000 	 DomOptimalPoints: 	 0 	11111111111111111111111111111111111111111111111111111111111111111111111111111111111111111111111111111111111111111111111111111111111111111111111111111111111111111111111111111111111111111111111111111111	0	1554767239
198.469757	200.000000	12532	0	12532	0.000000 	 PFSize: 	 41 	 HypVol: 	 820.00000000 	 IGD: 	 0.00000000 	 GD: 	 0.00000000 	 MaxSpread: 	 80.00000000 	 DomOptimalPoints: 	 0 	00000000000000000000000000000000000000000000000000000000000000000000000000000000000000000000000000000000000000000000000000000000000000000000000000000000000000000000000000000000000000000000000000000000	0	1554767244
199.605881	200.000000	9028	0	11640	1.000000 	 PFSize: 	 41 	 HypVol: 	 820.00000000 	 IGD: 	 0.00000000 	 GD: 	 0.00000000 	 MaxSpread: 	 80.00000000 	 DomOptimalPoints: 	 0 	11111111111111111111111111111111111111111111111111111111111111111111111111111111111111111111111111111111111111111111111111111111111111111111111111111111111111111111111111111111111111111111111111111111	1	1554767249
199.385727	200.000000	6500	0	10768	0.000000 	 PFSize: 	 41 	 HypVol: 	 820.00000000 	 IGD: 	 0.00000000 	 GD: 	 0.00000000 	 MaxSpread: 	 80.00000000 	 DomOptimalPoints: 	 0 	00000000000000000000000000000000000000000000000000000000000000000000000000000000000000000000000000000000000000000000000000000000000000000000000000000000000000000000000000000000000000000000000000000000	1	1554767254
196.219803	200.000000	9938	1	9938	1.000000 	 PFSize: 	 41 	 HypVol: 	 820.00000000 	 IGD: 	 0.00000000 	 GD: 	 0.00000000 	 MaxSpread: 	 80.00000000 	 DomOptimalPoints: 	 0 	11111111111111111111111111111111111111111111111111111111111111111111111111111111111111111111111111111111111111111111111111111111111111111111111111111111111111111111111111111111111111111111111111111111	1	1554767259
196.239120	200.000000	7390	1	9106	1.000000 	 PFSize: 	 41 	 HypVol: 	 820.00000000 	 IGD: 	 0.00000000 	 GD: 	 0.00000000 	 MaxSpread: 	 80.00000000 	 DomOptimalPoints: 	 0 	11111111111111111111111111111111111111111111111111111111111111111111111111111111111111111111111111111111111111111111111111111111111111111111111111111111111111111111111111111111111111111111111111111111	1	1554767264
194.663651	200.000000	11696	1	12570	1.000000 	 PFSize: 	 41 	 HypVol: 	 820.00000000 	 IGD: 	 0.00000000 	 GD: 	 0.00000000 	 MaxSpread: 	 80.00000000 	 DomOptimalPoints: 	 0 	11111111111111111111111111111111111111111111111111111111111111111111111111111111111111111111111111111111111111111111111111111111111111111111111111111111111111111111111111111111111111111111111111111111	1	1554767272
199.261948	200.000000	4028	0	10824	0.000000 	 PFSize: 	 41 	 HypVol: 	 820.00000000 	 IGD: 	 0.00000000 	 GD: 	 0.00000000 	 MaxSpread: 	 80.00000000 	 DomOptimalPoints: 	 0 	00000000000000000000000000000000000000000000000000000000000000000000000000000000000000000000000000000000000000000000000000000000000000000000000000000000000000000000000000000000000000000000000000000000	0	1554767278
196.126785	200.000000	9040	0	11612	1.000000 	 PFSize: 	 41 	 HypVol: 	 820.00000000 	 IGD: 	 0.00000000 	 GD: 	 0.00000000 	 MaxSpread: 	 80.00000000 	 DomOptimalPoints: 	 0 	11111111111111111111111111111111111111111111111111111111111111111111111111111111111111111111111111111111111111111111111111111111111111111111111111111111111111111111111111111111111111111111111111111111	0	1554767283
198.297333	200.000000	6548	0	9122	0.000000 	 PFSize: 	 41 	 HypVol: 	 820.00000000 	 IGD: 	 0.00000000 	 GD: 	 0.00000000 	 MaxSpread: 	 80.00000000 	 DomOptimalPoints: 	 0 	00000000000000000000000000000000000000000000000000000000000000000000000000000000000000000000000000000000000000000000000000000000000000000000000000000000000000000000000000000000000000000000000000000000	0	1554767288
193.752838	200.000000	9110	0	9110	0.000000 	 PFSize: 	 41 	 HypVol: 	 820.00000000 	 IGD: 	 0.00000000 	 GD: 	 0.00000000 	 MaxSpread: 	 80.00000000 	 DomOptimalPoints: 	 0 	00000000000000000000000000000000000000000000000000000000000000000000000000000000000000000000000000000000000000000000000000000000000000000000000000000000000000000000000000000000000000000000000000000000	0	1554767293
196.082611	200.000000	4032	0	15034	0.000000 	 PFSize: 	 41 	 HypVol: 	 820.00000000 	 IGD: 	 0.00000000 	 GD: 	 0.00000000 	 MaxSpread: 	 80.00000000 	 DomOptimalPoints: 	 0 	00000000000000000000000000000000000000000000000000000000000000000000000000000000000000000000000000000000000000000000000000000000000000000000000000000000000000000000000000000000000000000000000000000000	0	1554767298
197.580719	200.000000	12384	0	13244	0.000000 	 PFSize: 	 41 	 HypVol: 	 820.00000000 	 IGD: 	 0.00000000 	 GD: 	 0.00000000 	 MaxSpread: 	 80.00000000 	 DomOptimalPoints: 	 0 	00000000000000000000000000000000000000000000000000000000000000000000000000000000000000000000000000000000000000000000000000000000000000000000000000000000000000000000000000000000000000000000000000000000	0	1554767303
194.671005	200.000000	6532	0	9078	1.000000 	 PFSize: 	 41 	 HypVol: 	 820.00000000 	 IGD: 	 0.00000000 	 GD: 	 0.00000000 	 MaxSpread: 	 80.00000000 	 DomOptimalPoints: 	 0 	11111111111111111111111111111111111111111111111111111111111111111111111111111111111111111111111111111111111111111111111111111111111111111111111111111111111111111111111111111111111111111111111111111111	0	1554767311
199.777069	200.000000	6552	0	10846	0.000000 	 PFSize: 	 41 	 HypVol: 	 820.00000000 	 IGD: 	 0.00000000 	 GD: 	 0.00000000 	 MaxSpread: 	 80.00000000 	 DomOptimalPoints: 	 0 	00000000000000000000000000000000000000000000000000000000000000000000000000000000000000000000000000000000000000000000000000000000000000000000000000000000000000000000000000000000000000000000000000000000	0	1554767316
397.934723	400.000000	17944	0	28226	1.000000 	 PFSize: 	 81 	 HypVol: 	 3240.00000000 	 IGD: 	 0.00000000 	 GD: 	 0.00000000 	 MaxSpread: 	 160.00000000 	 DomOptimalPoints: 	 0 	1111111111111111111111111111111111111111111111111111111111111111111111111111111111111111111111111111111111111111111111111111111111111111111111111111111111111111111111111111111111111111111111111111111111111111111111111111111111111111111111111111111111111111111111111111111111111111111111111111111111111111111111111111111111111111111111111111111111111111111111111111111111111111111111111111111111111111	1	1554767321
399.561066	400.000000	11328	0	26650	0.000000 	 PFSize: 	 81 	 HypVol: 	 3240.00000000 	 IGD: 	 0.00000000 	 GD: 	 0.00000000 	 MaxSpread: 	 160.00000000 	 DomOptimalPoints: 	 0 	0000000000000000000000000000000000000000000000000000000000000000000000000000000000000000000000000000000000000000000000000000000000000000000000000000000000000000000000000000000000000000000000000000000000000000000000000000000000000000000000000000000000000000000000000000000000000000000000000000000000000000000000000000000000000000000000000000000000000000000000000000000000000000000000000000000000000000	1	1554767326
397.865082	400.000000	23020	1	28206	0.000000 	 PFSize: 	 81 	 HypVol: 	 3240.00000000 	 IGD: 	 0.00000000 	 GD: 	 0.00000000 	 MaxSpread: 	 160.00000000 	 DomOptimalPoints: 	 0 	0000000000000000000000000000000000000000000000000000000000000000000000000000000000000000000000000000000000000000000000000000000000000000000000000000000000000000000000000000000000000000000000000000000000000000000000000000000000000000000000000000000000000000000000000000000000000000000000000000000000000000000000000000000000000000000000000000000000000000000000000000000000000000000000000000000000000000	1	1554767331
392.332947	400.000000	24702	1	31592	0.000000 	 PFSize: 	 81 	 HypVol: 	 3240.00000000 	 IGD: 	 0.00000000 	 GD: 	 0.00000000 	 MaxSpread: 	 160.00000000 	 DomOptimalPoints: 	 0 	0000000000000000000000000000000000000000000000000000000000000000000000000000000000000000000000000000000000000000000000000000000000000000000000000000000000000000000000000000000000000000000000000000000000000000000000000000000000000000000000000000000000000000000000000000000000000000000000000000000000000000000000000000000000000000000000000000000000000000000000000000000000000000000000000000000000000000	1	1554767336
393.622437	400.000000	26520	1	28274	1.000000 	 PFSize: 	 81 	 HypVol: 	 3240.00000000 	 IGD: 	 0.00000000 	 GD: 	 0.00000000 	 MaxSpread: 	 160.00000000 	 DomOptimalPoints: 	 0 	1111111111111111111111111111111111111111111111111111111111111111111111111111111111111111111111111111111111111111111111111111111111111111111111111111111111111111111111111111111111111111111111111111111111111111111111111111111111111111111111111111111111111111111111111111111111111111111111111111111111111111111111111111111111111111111111111111111111111111111111111111111111111111111111111111111111111111	1	1554767341
395.106354	400.000000	4808	1	23204	0.987500 	 PFSize: 	 81 	 HypVol: 	 3240.00000000 	 IGD: 	 0.00000000 	 GD: 	 0.00000000 	 MaxSpread: 	 160.00000000 	 DomOptimalPoints: 	 0 	1111111111111111111111111111111111111111111111111111111111111111111111111111111111111111111111111111111111111111111111111111111111111111111111111111111111111111111111111111111111111111111111111111111111111111111111100000111111111111111111111111111111111111111111111111111111111111111111111111111111111111111111111111111111111111111111111111111111111111111111111111111111111111111111111111111111111111	1	1554767349
391.658661	400.000000	18100	0	21556	1.000000 	 PFSize: 	 81 	 HypVol: 	 3240.00000000 	 IGD: 	 0.00000000 	 GD: 	 0.00000000 	 MaxSpread: 	 160.00000000 	 DomOptimalPoints: 	 0 	1111111111111111111111111111111111111111111111111111111111111111111111111111111111111111111111111111111111111111111111111111111111111111111111111111111111111111111111111111111111111111111111111111111111111111111111111111111111111111111111111111111111111111111111111111111111111111111111111111111111111111111111111111111111111111111111111111111111111111111111111111111111111111111111111111111111111111	0	1554767355
398.792053	400.000000	26560	0	30038	0.000000 	 PFSize: 	 81 	 HypVol: 	 3240.00000000 	 IGD: 	 0.00000000 	 GD: 	 0.00000000 	 MaxSpread: 	 160.00000000 	 DomOptimalPoints: 	 0 	0000000000000000000000000000000000000000000000000000000000000000000000000000000000000000000000000000000000000000000000000000000000000000000000000000000000000000000000000000000000000000000000000000000000000000000000000000000000000000000000000000000000000000000000000000000000000000000000000000000000000000000000000000000000000000000000000000000000000000000000000000000000000000000000000000000000000000	0	1554767360
389.457092	400.000000	23112	0	24836	0.000000 	 PFSize: 	 81 	 HypVol: 	 3240.00000000 	 IGD: 	 0.00000000 	 GD: 	 0.00000000 	 MaxSpread: 	 160.00000000 	 DomOptimalPoints: 	 0 	0000000000000000000000000000000000000000000000000000000000000000000000000000000000000000000000000000000000000000000000000000000000000000000000000000000000000000000000000000000000000000000000000000000000000000000000000000000000000000000000000000000000000000000000000000000000000000000000000000000000000000000000000000000000000000000000000000000000000000000000000000000000000000000000000000000000000000	0	1554767365
392.532959	400.000000	11364	0	28498	1.000000 	 PFSize: 	 81 	 HypVol: 	 3240.00000000 	 IGD: 	 0.00000000 	 GD: 	 0.00000000 	 MaxSpread: 	 160.00000000 	 DomOptimalPoints: 	 0 	1111111111111111111111111111111111111111111111111111111111111111111111111111111111111111111111111111111111111111111111111111111111111111111111111111111111111111111111111111111111111111111111111111111111111111111111111111111111111111111111111111111111111111111111111111111111111111111111111111111111111111111111111111111111111111111111111111111111111111111111111111111111111111111111111111111111111111	0	1554767370
386.198975	400.000000	11358	0	23200	0.025000 	 PFSize: 	 81 	 HypVol: 	 3240.00000000 	 IGD: 	 0.00000000 	 GD: 	 0.00000000 	 MaxSpread: 	 160.00000000 	 DomOptimalPoints: 	 0 	0000000000000000000000000000000000000000000000000000000000000000000000000000000000000000000000000000000000000000000000000000000000000000000000000000001111100000000000000000000000000000000000000000000000000000000000000000000000000000000000000000000000000000000000000000000000000000000000000000000000000000000000000000000000000000000000000000000000000011111000000000000000000000000000000000000000000000	0	1554767375
393.421539	400.000000	19630	0	29856	0.000000 	 PFSize: 	 81 	 HypVol: 	 3240.00000000 	 IGD: 	 0.00000000 	 GD: 	 0.00000000 	 MaxSpread: 	 160.00000000 	 DomOptimalPoints: 	 0 	0000000000000000000000000000000000000000000000000000000000000000000000000000000000000000000000000000000000000000000000000000000000000000000000000000000000000000000000000000000000000000000000000000000000000000000000000000000000000000000000000000000000000000000000000000000000000000000000000000000000000000000000000000000000000000000000000000000000000000000000000000000000000000000000000000000000000000	0	1554767380
395.110657	400.000000	25086	0	25086	1.000000 	 PFSize: 	 81 	 HypVol: 	 3240.00000000 	 IGD: 	 0.00000000 	 GD: 	 0.00000000 	 MaxSpread: 	 160.00000000 	 DomOptimalPoints: 	 0 	1111111111111111111111111111111111111111111111111111111111111111111111111111111111111111111111111111111111111111111111111111111111111111111111111111111111111111111111111111111111111111111111111111111111111111111111111111111111111111111111111111111111111111111111111111111111111111111111111111111111111111111111111111111111111111111111111111111111111111111111111111111111111111111111111111111111111111	0	1554767388
396.903656	400.000000	18010	0	24864	1.000000 	 PFSize: 	 81 	 HypVol: 	 3240.00000000 	 IGD: 	 0.00000000 	 GD: 	 0.00000000 	 MaxSpread: 	 160.00000000 	 DomOptimalPoints: 	 0 	1111111111111111111111111111111111111111111111111111111111111111111111111111111111111111111111111111111111111111111111111111111111111111111111111111111111111111111111111111111111111111111111111111111111111111111111111111111111111111111111111111111111111111111111111111111111111111111111111111111111111111111111111111111111111111111111111111111111111111111111111111111111111111111111111111111111111111	0	1554767393
391.172211	400.000000	8056	0	26372	0.987500 	 PFSize: 	 81 	 HypVol: 	 3240.00000000 	 IGD: 	 0.00000000 	 GD: 	 0.00000000 	 MaxSpread: 	 160.00000000 	 DomOptimalPoints: 	 0 	1111111111111111111111111111111111111111111111111111111111111111111111111111111111111111111111111111111111111111111111111111111111111111111111111111111111111111111111111111111111111111111111111111111111111111111111111111111111111111111111111111111111111111111111111111111111111111111111111100000111111111111111111111111111111111111111111111111111111111111111111111111111111111111111111111111111111111	1	1554767398
397.095886	400.000000	11352	1	24786	0.000000 	 PFSize: 	 81 	 HypVol: 	 3240.00000000 	 IGD: 	 0.00000000 	 GD: 	 0.00000000 	 MaxSpread: 	 160.00000000 	 DomOptimalPoints: 	 0 	0000000000000000000000000000000000000000000000000000000000000000000000000000000000000000000000000000000000000000000000000000000000000000000000000000000000000000000000000000000000000000000000000000000000000000000000000000000000000000000000000000000000000000000000000000000000000000000000000000000000000000000000000000000000000000000000000000000000000000000000000000000000000000000000000000000000000000	1	1554767403
395.125946	400.000000	24784	1	28236	0.000000 	 PFSize: 	 81 	 HypVol: 	 3240.00000000 	 IGD: 	 0.00000000 	 GD: 	 0.00000000 	 MaxSpread: 	 160.00000000 	 DomOptimalPoints: 	 0 	0000000000000000000000000000000000000000000000000000000000000000000000000000000000000000000000000000000000000000000000000000000000000000000000000000000000000000000000000000000000000000000000000000000000000000000000000000000000000000000000000000000000000000000000000000000000000000000000000000000000000000000000000000000000000000000000000000000000000000000000000000000000000000000000000000000000000000	1	1554767408
393.194824	400.000000	12962	1	30004	1.000000 	 PFSize: 	 81 	 HypVol: 	 3240.00000000 	 IGD: 	 0.00000000 	 GD: 	 0.00000000 	 MaxSpread: 	 160.00000000 	 DomOptimalPoints: 	 0 	1111111111111111111111111111111111111111111111111111111111111111111111111111111111111111111111111111111111111111111111111111111111111111111111111111111111111111111111111111111111111111111111111111111111111111111111111111111111111111111111111111111111111111111111111111111111111111111111111111111111111111111111111111111111111111111111111111111111111111111111111111111111111111111111111111111111111111	1	1554767413
391.840393	400.000000	24810	1	28274	0.000000 	 PFSize: 	 81 	 HypVol: 	 3240.00000000 	 IGD: 	 0.00000000 	 GD: 	 0.00000000 	 MaxSpread: 	 160.00000000 	 DomOptimalPoints: 	 0 	0000000000000000000000000000000000000000000000000000000000000000000000000000000000000000000000000000000000000000000000000000000000000000000000000000000000000000000000000000000000000000000000000000000000000000000000000000000000000000000000000000000000000000000000000000000000000000000000000000000000000000000000000000000000000000000000000000000000000000000000000000000000000000000000000000000000000000	1	1554767418
397.238251	400.000000	6430	1	26434	0.012500 	 PFSize: 	 81 	 HypVol: 	 3240.00000000 	 IGD: 	 0.00000000 	 GD: 	 0.00000000 	 MaxSpread: 	 160.00000000 	 DomOptimalPoints: 	 0 	0000000000000000000000000000000000000000000000000000000000000000000000000000000000000000000000000000000000000000000000000000000000000000000000000000000000000000000000000000000111110000000000000000000000000000000000000000000000000000000000000000000000000000000000000000000000000000000000000000000000000000000000000000000000000000000000000000000000000000000000000000000000000000000000000000000000000000	1	1554767426
397.644775	400.000000	9686	0	26480	0.000000 	 PFSize: 	 81 	 HypVol: 	 3240.00000000 	 IGD: 	 0.00000000 	 GD: 	 0.00000000 	 MaxSpread: 	 160.00000000 	 DomOptimalPoints: 	 0 	0000000000000000000000000000000000000000000000000000000000000000000000000000000000000000000000000000000000000000000000000000000000000000000000000000000000000000000000000000000000000000000000000000000000000000000000000000000000000000000000000000000000000000000000000000000000000000000000000000000000000000000000000000000000000000000000000000000000000000000000000000000000000000000000000000000000000000	1	1554767431
395.530945	400.000000	26816	0	26816	0.000000 	 PFSize: 	 81 	 HypVol: 	 3240.00000000 	 IGD: 	 0.00000000 	 GD: 	 0.00000000 	 MaxSpread: 	 160.00000000 	 DomOptimalPoints: 	 0 	0000000000000000000000000000000000000000000000000000000000000000000000000000000000000000000000000000000000000000000000000000000000000000000000000000000000000000000000000000000000000000000000000000000000000000000000000000000000000000000000000000000000000000000000000000000000000000000000000000000000000000000000000000000000000000000000000000000000000000000000000000000000000000000000000000000000000000	0	1554767437
382.007751	400.000000	17930	0	26500	0.000000 	 PFSize: 	 81 	 HypVol: 	 3240.00000000 	 IGD: 	 0.00000000 	 GD: 	 0.00000000 	 MaxSpread: 	 160.00000000 	 DomOptimalPoints: 	 0 	0000000000000000000000000000000000000000000000000000000000000000000000000000000000000000000000000000000000000000000000000000000000000000000000000000000000000000000000000000000000000000000000000000000000000000000000000000000000000000000000000000000000000000000000000000000000000000000000000000000000000000000000000000000000000000000000000000000000000000000000000000000000000000000000000000000000000000	0	1554767442
397.506409	400.000000	21508	0	30200	1.000000 	 PFSize: 	 81 	 HypVol: 	 3240.00000000 	 IGD: 	 0.00000000 	 GD: 	 0.00000000 	 MaxSpread: 	 160.00000000 	 DomOptimalPoints: 	 0 	1111111111111111111111111111111111111111111111111111111111111111111111111111111111111111111111111111111111111111111111111111111111111111111111111111111111111111111111111111111111111111111111111111111111111111111111111111111111111111111111111111111111111111111111111111111111111111111111111111111111111111111111111111111111111111111111111111111111111111111111111111111111111111111111111111111111111111	0	1554767447
389.116089	400.000000	12950	0	33638	0.000000 	 PFSize: 	 81 	 HypVol: 	 3240.00000000 	 IGD: 	 0.00000000 	 GD: 	 0.00000000 	 MaxSpread: 	 160.00000000 	 DomOptimalPoints: 	 0 	0000000000000000000000000000000000000000000000000000000000000000000000000000000000000000000000000000000000000000000000000000000000000000000000000000000000000000000000000000000000000000000000000000000000000000000000000000000000000000000000000000000000000000000000000000000000000000000000000000000000000000000000000000000000000000000000000000000000000000000000000000000000000000000000000000000000000000	0	1554767452
399.019501	400.000000	11312	0	33518	1.000000 	 PFSize: 	 81 	 HypVol: 	 3240.00000000 	 IGD: 	 0.00000000 	 GD: 	 0.00000000 	 MaxSpread: 	 160.00000000 	 DomOptimalPoints: 	 0 	1111111111111111111111111111111111111111111111111111111111111111111111111111111111111111111111111111111111111111111111111111111111111111111111111111111111111111111111111111111111111111111111111111111111111111111111111111111111111111111111111111111111111111111111111111111111111111111111111111111111111111111111111111111111111111111111111111111111111111111111111111111111111111111111111111111111111111	0	1554767457
398.962799	400.000000	26570	0	31838	1.000000 	 PFSize: 	 81 	 HypVol: 	 3240.00000000 	 IGD: 	 0.00000000 	 GD: 	 0.00000000 	 MaxSpread: 	 160.00000000 	 DomOptimalPoints: 	 0 	1111111111111111111111111111111111111111111111111111111111111111111111111111111111111111111111111111111111111111111111111111111111111111111111111111111111111111111111111111111111111111111111111111111111111111111111111111111111111111111111111111111111111111111111111111111111111111111111111111111111111111111111111111111111111111111111111111111111111111111111111111111111111111111111111111111111111111	1	1554767465
394.220490	400.000000	24694	1	29864	1.000000 	 PFSize: 	 81 	 HypVol: 	 3240.00000000 	 IGD: 	 0.00000000 	 GD: 	 0.00000000 	 MaxSpread: 	 160.00000000 	 DomOptimalPoints: 	 0 	1111111111111111111111111111111111111111111111111111111111111111111111111111111111111111111111111111111111111111111111111111111111111111111111111111111111111111111111111111111111111111111111111111111111111111111111111111111111111111111111111111111111111111111111111111111111111111111111111111111111111111111111111111111111111111111111111111111111111111111111111111111111111111111111111111111111111111	1	1554767470
392.245392	400.000000	16206	0	33386	1.000000 	 PFSize: 	 81 	 HypVol: 	 3240.00000000 	 IGD: 	 0.00000000 	 GD: 	 0.00000000 	 MaxSpread: 	 160.00000000 	 DomOptimalPoints: 	 0 	1111111111111111111111111111111111111111111111111111111111111111111111111111111111111111111111111111111111111111111111111111111111111111111111111111111111111111111111111111111111111111111111111111111111111111111111111111111111111111111111111111111111111111111111111111111111111111111111111111111111111111111111111111111111111111111111111111111111111111111111111111111111111111111111111111111111111111	1	1554767475
393.929535	400.000000	11354	0	26594	0.000000 	 PFSize: 	 81 	 HypVol: 	 3240.00000000 	 IGD: 	 0.00000000 	 GD: 	 0.00000000 	 MaxSpread: 	 160.00000000 	 DomOptimalPoints: 	 0 	0000000000000000000000000000000000000000000000000000000000000000000000000000000000000000000000000000000000000000000000000000000000000000000000000000000000000000000000000000000000000000000000000000000000000000000000000000000000000000000000000000000000000000000000000000000000000000000000000000000000000000000000000000000000000000000000000000000000000000000000000000000000000000000000000000000000000000	1	1554767480
394.810669	400.000000	18026	1	24906	0.000000 	 PFSize: 	 81 	 HypVol: 	 3240.00000000 	 IGD: 	 0.00000000 	 GD: 	 0.00000000 	 MaxSpread: 	 160.00000000 	 DomOptimalPoints: 	 0 	0000000000000000000000000000000000000000000000000000000000000000000000000000000000000000000000000000000000000000000000000000000000000000000000000000000000000000000000000000000000000000000000000000000000000000000000000000000000000000000000000000000000000000000000000000000000000000000000000000000000000000000000000000000000000000000000000000000000000000000000000000000000000000000000000000000000000000	1	1554767485
394.313385	400.000000	24838	1	28322	0.000000 	 PFSize: 	 81 	 HypVol: 	 3240.00000000 	 IGD: 	 0.00000000 	 GD: 	 0.00000000 	 MaxSpread: 	 160.00000000 	 DomOptimalPoints: 	 0 	0000000000000000000000000000000000000000000000000000000000000000000000000000000000000000000000000000000000000000000000000000000000000000000000000000000000000000000000000000000000000000000000000000000000000000000000000000000000000000000000000000000000000000000000000000000000000000000000000000000000000000000000000000000000000000000000000000000000000000000000000000000000000000000000000000000000000000	1	1554767490
399.257568	400.000000	30266	1	32042	0.000000 	 PFSize: 	 81 	 HypVol: 	 3240.00000000 	 IGD: 	 0.00000000 	 GD: 	 0.00000000 	 MaxSpread: 	 160.00000000 	 DomOptimalPoints: 	 0 	0000000000000000000000000000000000000000000000000000000000000000000000000000000000000000000000000000000000000000000000000000000000000000000000000000000000000000000000000000000000000000000000000000000000000000000000000000000000000000000000000000000000000000000000000000000000000000000000000000000000000000000000000000000000000000000000000000000000000000000000000000000000000000000000000000000000000000	1	1554767495
399.484741	400.000000	25018	1	25018	0.000000 	 PFSize: 	 81 	 HypVol: 	 3240.00000000 	 IGD: 	 0.00000000 	 GD: 	 0.00000000 	 MaxSpread: 	 160.00000000 	 DomOptimalPoints: 	 0 	0000000000000000000000000000000000000000000000000000000000000000000000000000000000000000000000000000000000000000000000000000000000000000000000000000000000000000000000000000000000000000000000000000000000000000000000000000000000000000000000000000000000000000000000000000000000000000000000000000000000000000000000000000000000000000000000000000000000000000000000000000000000000000000000000000000000000000	1	1554767503
398.555969	400.000000	27992	0	33210	1.000000 	 PFSize: 	 81 	 HypVol: 	 3240.00000000 	 IGD: 	 0.00000000 	 GD: 	 0.00000000 	 MaxSpread: 	 160.00000000 	 DomOptimalPoints: 	 0 	1111111111111111111111111111111111111111111111111111111111111111111111111111111111111111111111111111111111111111111111111111111111111111111111111111111111111111111111111111111111111111111111111111111111111111111111111111111111111111111111111111111111111111111111111111111111111111111111111111111111111111111111111111111111111111111111111111111111111111111111111111111111111111111111111111111111111111	0	1554767509
397.811218	400.000000	11326	0	45932	0.000000 	 PFSize: 	 81 	 HypVol: 	 3240.00000000 	 IGD: 	 0.00000000 	 GD: 	 0.00000000 	 MaxSpread: 	 160.00000000 	 DomOptimalPoints: 	 0 	0000000000000000000000000000000000000000000000000000000000000000000000000000000000000000000000000000000000000000000000000000000000000000000000000000000000000000000000000000000000000000000000000000000000000000000000000000000000000000000000000000000000000000000000000000000000000000000000000000000000000000000000000000000000000000000000000000000000000000000000000000000000000000000000000000000000000000	0	1554767514
381.052307	400.000000	3198	0	28552	0.912500 	 PFSize: 	 81 	 HypVol: 	 3240.00000000 	 IGD: 	 0.00000000 	 GD: 	 0.00000000 	 MaxSpread: 	 160.00000000 	 DomOptimalPoints: 	 0 	0000011111111111111111111111111111111111111111111111111111110000011111111111111111111111111111111111111111111111111111111111111111000001111100000111111111111111111111111111111111111111111111111111111111111111111111111111111111111111111111111111111111000000000000000111111111111111111111111111111111111111111111111111111111111111111111111111111111111111111111111111111111111111111111111111111111111111	0	1554767519
397.329529	400.000000	16374	0	30216	0.000000 	 PFSize: 	 81 	 HypVol: 	 3240.00000000 	 IGD: 	 0.00000000 	 GD: 	 0.00000000 	 MaxSpread: 	 160.00000000 	 DomOptimalPoints: 	 0 	0000000000000000000000000000000000000000000000000000000000000000000000000000000000000000000000000000000000000000000000000000000000000000000000000000000000000000000000000000000000000000000000000000000000000000000000000000000000000000000000000000000000000000000000000000000000000000000000000000000000000000000000000000000000000000000000000000000000000000000000000000000000000000000000000000000000000000	0	1554767524
390.094818	400.000000	14692	0	28500	1.000000 	 PFSize: 	 81 	 HypVol: 	 3240.00000000 	 IGD: 	 0.00000000 	 GD: 	 0.00000000 	 MaxSpread: 	 160.00000000 	 DomOptimalPoints: 	 0 	1111111111111111111111111111111111111111111111111111111111111111111111111111111111111111111111111111111111111111111111111111111111111111111111111111111111111111111111111111111111111111111111111111111111111111111111111111111111111111111111111111111111111111111111111111111111111111111111111111111111111111111111111111111111111111111111111111111111111111111111111111111111111111111111111111111111111111	0	1554767529
398.900299	400.000000	8054	0	28374	0.000000 	 PFSize: 	 81 	 HypVol: 	 3240.00000000 	 IGD: 	 0.00000000 	 GD: 	 0.00000000 	 MaxSpread: 	 160.00000000 	 DomOptimalPoints: 	 0 	0000000000000000000000000000000000000000000000000000000000000000000000000000000000000000000000000000000000000000000000000000000000000000000000000000000000000000000000000000000000000000000000000000000000000000000000000000000000000000000000000000000000000000000000000000000000000000000000000000000000000000000000000000000000000000000000000000000000000000000000000000000000000000000000000000000000000000	0	1554767534
392.999237	400.000000	6416	0	26742	0.012500 	 PFSize: 	 81 	 HypVol: 	 3240.00000000 	 IGD: 	 0.00000000 	 GD: 	 0.00000000 	 MaxSpread: 	 160.00000000 	 DomOptimalPoints: 	 0 	0000000000000000000000000000000000000000000000000000000000000000000000000000000000000000000000000000000000000000000000000000000000000000000000000000000000011111000000000000000000000000000000000000000000000000000000000000000000000000000000000000000000000000000000000000000000000000000000000000000000000000000000000000000000000000000000000000000000000000000000000000000000000000000000000000000000000000	0	1554767542
389.918365	400.000000	26682	0	28424	0.000000 	 PFSize: 	 81 	 HypVol: 	 3240.00000000 	 IGD: 	 0.00000000 	 GD: 	 0.00000000 	 MaxSpread: 	 160.00000000 	 DomOptimalPoints: 	 0 	0000000000000000000000000000000000000000000000000000000000000000000000000000000000000000000000000000000000000000000000000000000000000000000000000000000000000000000000000000000000000000000000000000000000000000000000000000000000000000000000000000000000000000000000000000000000000000000000000000000000000000000000000000000000000000000000000000000000000000000000000000000000000000000000000000000000000000	1	1554767547
398.232788	400.000000	14654	0	28344	1.000000 	 PFSize: 	 81 	 HypVol: 	 3240.00000000 	 IGD: 	 0.00000000 	 GD: 	 0.00000000 	 MaxSpread: 	 160.00000000 	 DomOptimalPoints: 	 0 	1111111111111111111111111111111111111111111111111111111111111111111111111111111111111111111111111111111111111111111111111111111111111111111111111111111111111111111111111111111111111111111111111111111111111111111111111111111111111111111111111111111111111111111111111111111111111111111111111111111111111111111111111111111111111111111111111111111111111111111111111111111111111111111111111111111111111111	1	1554767552
390.783142	400.000000	26508	1	30034	0.000000 	 PFSize: 	 81 	 HypVol: 	 3240.00000000 	 IGD: 	 0.00000000 	 GD: 	 0.00000000 	 MaxSpread: 	 160.00000000 	 DomOptimalPoints: 	 0 	0000000000000000000000000000000000000000000000000000000000000000000000000000000000000000000000000000000000000000000000000000000000000000000000000000000000000000000000000000000000000000000000000000000000000000000000000000000000000000000000000000000000000000000000000000000000000000000000000000000000000000000000000000000000000000000000000000000000000000000000000000000000000000000000000000000000000000	1	1554767557
395.568024	400.000000	11292	0	31552	1.000000 	 PFSize: 	 81 	 HypVol: 	 3240.00000000 	 IGD: 	 0.00000000 	 GD: 	 0.00000000 	 MaxSpread: 	 160.00000000 	 DomOptimalPoints: 	 0 	1111111111111111111111111111111111111111111111111111111111111111111111111111111111111111111111111111111111111111111111111111111111111111111111111111111111111111111111111111111111111111111111111111111111111111111111111111111111111111111111111111111111111111111111111111111111111111111111111111111111111111111111111111111111111111111111111111111111111111111111111111111111111111111111111111111111111111	1	1554767562
398.981537	400.000000	19758	1	42854	0.987500 	 PFSize: 	 81 	 HypVol: 	 3240.00000000 	 IGD: 	 0.00000000 	 GD: 	 0.00000000 	 MaxSpread: 	 160.00000000 	 DomOptimalPoints: 	 0 	1111111111111111111111111111111111111111111111111111111111111111111111111111111111111111111111111111111111111111111111111111100000111111111111111111111111111111111111111111111111111111111111111111111111111111111111111111111111111111111111111111111111111111111111111111111111111111111111111111111111111111111111111111111111111111111111111111111111111111111111111111111111111111111111111111111111111111	1	1554767567
395.053925	400.000000	26514	1	26514	1.000000 	 PFSize: 	 81 	 HypVol: 	 3240.00000000 	 IGD: 	 0.00000000 	 GD: 	 0.00000000 	 MaxSpread: 	 160.00000000 	 DomOptimalPoints: 	 0 	1111111111111111111111111111111111111111111111111111111111111111111111111111111111111111111111111111111111111111111111111111111111111111111111111111111111111111111111111111111111111111111111111111111111111111111111111111111111111111111111111111111111111111111111111111111111111111111111111111111111111111111111111111111111111111111111111111111111111111111111111111111111111111111111111111111111111111	1	1554767572
393.721466	400.000000	6422	1	33520	0.987500 	 PFSize: 	 81 	 HypVol: 	 3240.00000000 	 IGD: 	 0.00000000 	 GD: 	 0.00000000 	 MaxSpread: 	 160.00000000 	 DomOptimalPoints: 	 0 	1111111111111111111111111111111111111111111111111111111111111111111111111111111111111111111111111111111111111111111111111111111111111111111111111111111111111111111111111111111111111111111111111111111111111111111111111111111111111111111111111111111111000001111111111111111111111111111111111111111111111111111111111111111111111111111111111111111111111111111111111111111111111111111111111111111111111111	1	1554767580
398.065460	400.000000	19848	1	23336	0.000000 	 PFSize: 	 81 	 HypVol: 	 3240.00000000 	 IGD: 	 0.00000000 	 GD: 	 0.00000000 	 MaxSpread: 	 160.00000000 	 DomOptimalPoints: 	 0 	0000000000000000000000000000000000000000000000000000000000000000000000000000000000000000000000000000000000000000000000000000000000000000000000000000000000000000000000000000000000000000000000000000000000000000000000000000000000000000000000000000000000000000000000000000000000000000000000000000000000000000000000000000000000000000000000000000000000000000000000000000000000000000000000000000000000000000	1	1554767585
390.751556	400.000000	8056	1	24876	1.000000 	 PFSize: 	 81 	 HypVol: 	 3240.00000000 	 IGD: 	 0.00000000 	 GD: 	 0.00000000 	 MaxSpread: 	 160.00000000 	 DomOptimalPoints: 	 0 	1111111111111111111111111111111111111111111111111111111111111111111111111111111111111111111111111111111111111111111111111111111111111111111111111111111111111111111111111111111111111111111111111111111111111111111111111111111111111111111111111111111111111111111111111111111111111111111111111111111111111111111111111111111111111111111111111111111111111111111111111111111111111111111111111111111111111111	1	1554767590
