0.925105	1.000000	3018	0	3018	1.000000 	 PFSize: 	 26 	 HypVol: 	 0.52000000 	 IGD: 	 0.00000000 	 GD: 	 0.00000000 	 MaxSpread: 	 2.00000000 	 DomOptimalPoints: 	 0 	1111111111111111111111111	0	1554764853
0.897071	1.000000	676	0	1926	0.000000 	 PFSize: 	 26 	 HypVol: 	 0.52000000 	 IGD: 	 0.00000000 	 GD: 	 0.00000000 	 MaxSpread: 	 2.00000000 	 DomOptimalPoints: 	 0 	0000000000000000000000000	0	1554764858
0.820527	1.000000	608	0	1056	0.000000 	 PFSize: 	 26 	 HypVol: 	 0.52000000 	 IGD: 	 0.00000000 	 GD: 	 0.00000000 	 MaxSpread: 	 2.00000000 	 DomOptimalPoints: 	 0 	0000000000000000000000000	0	1554764863
0.886458	1.000000	3382	0	3382	1.000000 	 PFSize: 	 26 	 HypVol: 	 0.52000000 	 IGD: 	 0.00000000 	 GD: 	 0.00000000 	 MaxSpread: 	 2.00000000 	 DomOptimalPoints: 	 0 	1111111111111111111111111	0	1554764869
0.898890	1.000000	444	0	1642	1.000000 	 PFSize: 	 26 	 HypVol: 	 0.52000000 	 IGD: 	 0.00000000 	 GD: 	 0.00000000 	 MaxSpread: 	 2.00000000 	 DomOptimalPoints: 	 0 	1111111111111111111111111	0	1554764874
0.878977	1.000000	516	0	1018	0.000000 	 PFSize: 	 26 	 HypVol: 	 0.52000000 	 IGD: 	 0.00000000 	 GD: 	 0.00000000 	 MaxSpread: 	 2.00000000 	 DomOptimalPoints: 	 0 	0000000000000000000000000	0	1554764879
0.763266	1.000000	492	0	884	0.000000 	 PFSize: 	 26 	 HypVol: 	 0.52000000 	 IGD: 	 0.00000000 	 GD: 	 0.00000000 	 MaxSpread: 	 2.00000000 	 DomOptimalPoints: 	 0 	0000000000000000000000000	0	1554764884
0.911352	1.000000	346	0	1234	0.000000 	 PFSize: 	 26 	 HypVol: 	 0.52000000 	 IGD: 	 0.00000000 	 GD: 	 0.00000000 	 MaxSpread: 	 2.00000000 	 DomOptimalPoints: 	 0 	0000000000000000000000000	0	1554764889
0.862390	1.000000	556	0	1122	0.000000 	 PFSize: 	 26 	 HypVol: 	 0.52000000 	 IGD: 	 0.00000000 	 GD: 	 0.00000000 	 MaxSpread: 	 2.00000000 	 DomOptimalPoints: 	 0 	0000000000000000000000000	0	1554764894
0.714310	1.000000	1010	0	1010	1.000000 	 PFSize: 	 26 	 HypVol: 	 0.52000000 	 IGD: 	 0.00000000 	 GD: 	 0.00000000 	 MaxSpread: 	 2.00000000 	 DomOptimalPoints: 	 0 	1111111111111111111111111	0	1554764899
0.902403	1.000000	548	0	1764	0.000000 	 PFSize: 	 26 	 HypVol: 	 0.52000000 	 IGD: 	 0.00000000 	 GD: 	 0.00000000 	 MaxSpread: 	 2.00000000 	 DomOptimalPoints: 	 0 	0000000000000000000000000	0	1554764904
0.841350	1.000000	380	0	1366	0.000000 	 PFSize: 	 26 	 HypVol: 	 0.52000000 	 IGD: 	 0.00000000 	 GD: 	 0.00000000 	 MaxSpread: 	 2.00000000 	 DomOptimalPoints: 	 0 	0000000000000000000000000	0	1554764909
0.768383	1.000000	1198	0	1198	1.000000 	 PFSize: 	 26 	 HypVol: 	 0.52000000 	 IGD: 	 0.00000000 	 GD: 	 0.00000000 	 MaxSpread: 	 2.00000000 	 DomOptimalPoints: 	 0 	1111111111111111111111111	0	1554764914
0.958566	1.000000	1516	0	2026	0.000000 	 PFSize: 	 26 	 HypVol: 	 0.52000000 	 IGD: 	 0.00000000 	 GD: 	 0.00000000 	 MaxSpread: 	 2.00000000 	 DomOptimalPoints: 	 0 	0000000000000000000000000	0	1554764919
0.931098	1.000000	2002	0	2002	1.000000 	 PFSize: 	 26 	 HypVol: 	 0.52000000 	 IGD: 	 0.00000000 	 GD: 	 0.00000000 	 MaxSpread: 	 2.00000000 	 DomOptimalPoints: 	 0 	1111111111111111111111111	0	1554764927
0.730996	1.000000	416	0	1018	1.000000 	 PFSize: 	 26 	 HypVol: 	 0.52000000 	 IGD: 	 0.00000000 	 GD: 	 0.00000000 	 MaxSpread: 	 2.00000000 	 DomOptimalPoints: 	 0 	1111111111111111111111111	0	1554764932
0.876303	1.000000	560	0	938	0.000000 	 PFSize: 	 26 	 HypVol: 	 0.52000000 	 IGD: 	 0.00000000 	 GD: 	 0.00000000 	 MaxSpread: 	 2.00000000 	 DomOptimalPoints: 	 0 	0000000000000000000000000	0	1554764937
0.766882	1.000000	482	0	1144	0.000000 	 PFSize: 	 26 	 HypVol: 	 0.52000000 	 IGD: 	 0.00000000 	 GD: 	 0.00000000 	 MaxSpread: 	 2.00000000 	 DomOptimalPoints: 	 0 	0000000000000000000000000	0	1554764942
0.908423	1.000000	518	0	1056	0.000000 	 PFSize: 	 26 	 HypVol: 	 0.52000000 	 IGD: 	 0.00000000 	 GD: 	 0.00000000 	 MaxSpread: 	 2.00000000 	 DomOptimalPoints: 	 0 	0000000000000000000000000	0	1554764947
0.905044	1.000000	490	0	1588	0.000000 	 PFSize: 	 26 	 HypVol: 	 0.52000000 	 IGD: 	 0.00000000 	 GD: 	 0.00000000 	 MaxSpread: 	 2.00000000 	 DomOptimalPoints: 	 0 	0000000000000000000000000	0	1554764953
0.852603	1.000000	616	0	1210	0.000000 	 PFSize: 	 26 	 HypVol: 	 0.52000000 	 IGD: 	 0.00000000 	 GD: 	 0.00000000 	 MaxSpread: 	 2.00000000 	 DomOptimalPoints: 	 0 	0000000000000000000000000	0	1554764958
0.719281	1.000000	844	0	1970	1.000000 	 PFSize: 	 26 	 HypVol: 	 0.52000000 	 IGD: 	 0.00000000 	 GD: 	 0.00000000 	 MaxSpread: 	 2.00000000 	 DomOptimalPoints: 	 0 	1111111111111111111111111	0	1554764966
0.957089	1.000000	822	0	2614	1.000000 	 PFSize: 	 26 	 HypVol: 	 0.52000000 	 IGD: 	 0.00000000 	 GD: 	 0.00000000 	 MaxSpread: 	 2.00000000 	 DomOptimalPoints: 	 0 	1111111111111111111111111	0	1554764971
0.825040	1.000000	482	0	1506	0.000000 	 PFSize: 	 26 	 HypVol: 	 0.52000000 	 IGD: 	 0.00000000 	 GD: 	 0.00000000 	 MaxSpread: 	 2.00000000 	 DomOptimalPoints: 	 0 	0000000000000000000000000	0	1554764976
0.801445	1.000000	1170	0	1684	0.000000 	 PFSize: 	 26 	 HypVol: 	 0.52000000 	 IGD: 	 0.00000000 	 GD: 	 0.00000000 	 MaxSpread: 	 2.00000000 	 DomOptimalPoints: 	 0 	0000000000000000000000000	0	1554764981
0.948919	1.000000	1132	0	1132	1.000000 	 PFSize: 	 26 	 HypVol: 	 0.52000000 	 IGD: 	 0.00000000 	 GD: 	 0.00000000 	 MaxSpread: 	 2.00000000 	 DomOptimalPoints: 	 0 	1111111111111111111111111	0	1554764986
0.793939	1.000000	520	0	1678	0.000000 	 PFSize: 	 26 	 HypVol: 	 0.52000000 	 IGD: 	 0.00000000 	 GD: 	 0.00000000 	 MaxSpread: 	 2.00000000 	 DomOptimalPoints: 	 0 	0000000000000000000000000	0	1554764991
0.784059	1.000000	710	0	1368	1.000000 	 PFSize: 	 26 	 HypVol: 	 0.52000000 	 IGD: 	 0.00000000 	 GD: 	 0.00000000 	 MaxSpread: 	 2.00000000 	 DomOptimalPoints: 	 0 	1111111111111111111111111	0	1554764996
0.954161	1.000000	1692	0	1692	1.000000 	 PFSize: 	 26 	 HypVol: 	 0.52000000 	 IGD: 	 0.00000000 	 GD: 	 0.00000000 	 MaxSpread: 	 2.00000000 	 DomOptimalPoints: 	 0 	1111111111111111111111111	0	1554765004
0.740311	1.000000	328	0	2506	0.000000 	 PFSize: 	 26 	 HypVol: 	 0.52000000 	 IGD: 	 0.00000000 	 GD: 	 0.00000000 	 MaxSpread: 	 2.00000000 	 DomOptimalPoints: 	 0 	0000000000000000000000000	0	1554765009
0.900551	1.000000	704	0	1728	0.000000 	 PFSize: 	 26 	 HypVol: 	 0.52000000 	 IGD: 	 0.00000000 	 GD: 	 0.00000000 	 MaxSpread: 	 2.00000000 	 DomOptimalPoints: 	 0 	0000000000000000000000000	0	1554765014
0.846890	1.000000	534	0	1034	0.000000 	 PFSize: 	 26 	 HypVol: 	 0.52000000 	 IGD: 	 0.00000000 	 GD: 	 0.00000000 	 MaxSpread: 	 2.00000000 	 DomOptimalPoints: 	 0 	0000000000000000000000000	0	1554765019
0.831214	1.000000	1614	0	2128	0.000000 	 PFSize: 	 26 	 HypVol: 	 0.52000000 	 IGD: 	 0.00000000 	 GD: 	 0.00000000 	 MaxSpread: 	 2.00000000 	 DomOptimalPoints: 	 0 	0000000000000000000000000	0	1554765024
0.951208	1.000000	1420	0	1420	1.000000 	 PFSize: 	 26 	 HypVol: 	 0.52000000 	 IGD: 	 0.00000000 	 GD: 	 0.00000000 	 MaxSpread: 	 2.00000000 	 DomOptimalPoints: 	 0 	1111111111111111111111111	0	1554765029
0.824326	1.000000	568	0	2502	0.000000 	 PFSize: 	 26 	 HypVol: 	 0.52000000 	 IGD: 	 0.00000000 	 GD: 	 0.00000000 	 MaxSpread: 	 2.00000000 	 DomOptimalPoints: 	 0 	0000000000000000000000000	0	1554765034
0.911575	1.000000	1536	0	3058	0.000000 	 PFSize: 	 26 	 HypVol: 	 0.52000000 	 IGD: 	 0.00000000 	 GD: 	 0.00000000 	 MaxSpread: 	 2.00000000 	 DomOptimalPoints: 	 0 	0000000000000000000000000	0	1554765043
0.674101	1.000000	1690	0	2344	1.000000 	 PFSize: 	 26 	 HypVol: 	 0.52000000 	 IGD: 	 0.00000000 	 GD: 	 0.00000000 	 MaxSpread: 	 2.00000000 	 DomOptimalPoints: 	 0 	1111111111111111111111111	0	1554765048
0.871518	1.000000	454	0	1678	0.000000 	 PFSize: 	 26 	 HypVol: 	 0.52000000 	 IGD: 	 0.00000000 	 GD: 	 0.00000000 	 MaxSpread: 	 2.00000000 	 DomOptimalPoints: 	 0 	0000000000000000000000000	0	1554765053
0.928737	1.000000	748	0	2736	0.000000 	 PFSize: 	 26 	 HypVol: 	 0.52000000 	 IGD: 	 0.00000000 	 GD: 	 0.00000000 	 MaxSpread: 	 2.00000000 	 DomOptimalPoints: 	 0 	0000000000000000000000000	0	1554765058
0.956675	1.000000	278	0	1886	1.000000 	 PFSize: 	 26 	 HypVol: 	 0.52000000 	 IGD: 	 0.00000000 	 GD: 	 0.00000000 	 MaxSpread: 	 2.00000000 	 DomOptimalPoints: 	 0 	1111111111111111111111111	0	1554765063
0.856182	1.000000	594	0	1066	0.000000 	 PFSize: 	 26 	 HypVol: 	 0.52000000 	 IGD: 	 0.00000000 	 GD: 	 0.00000000 	 MaxSpread: 	 2.00000000 	 DomOptimalPoints: 	 0 	0000000000000000000000000	0	1554765068
0.790008	1.000000	1010	0	1398	0.000000 	 PFSize: 	 26 	 HypVol: 	 0.52000000 	 IGD: 	 0.00000000 	 GD: 	 0.00000000 	 MaxSpread: 	 2.00000000 	 DomOptimalPoints: 	 0 	0000000000000000000000000	0	1554765073
0.896854	1.000000	1482	0	2482	0.000000 	 PFSize: 	 26 	 HypVol: 	 0.52000000 	 IGD: 	 0.00000000 	 GD: 	 0.00000000 	 MaxSpread: 	 2.00000000 	 DomOptimalPoints: 	 0 	0000000000000000000000000	0	1554765081
0.832971	1.000000	438	0	2970	0.000000 	 PFSize: 	 26 	 HypVol: 	 0.52000000 	 IGD: 	 0.00000000 	 GD: 	 0.00000000 	 MaxSpread: 	 2.00000000 	 DomOptimalPoints: 	 0 	0000000000000000000000000	0	1554765086
0.722286	1.000000	1528	0	2736	0.000000 	 PFSize: 	 26 	 HypVol: 	 0.52000000 	 IGD: 	 0.00000000 	 GD: 	 0.00000000 	 MaxSpread: 	 2.00000000 	 DomOptimalPoints: 	 0 	0000000000000000000000000	0	1554765091
0.922867	1.000000	2036	0	2036	1.000000 	 PFSize: 	 26 	 HypVol: 	 0.52000000 	 IGD: 	 0.00000000 	 GD: 	 0.00000000 	 MaxSpread: 	 2.00000000 	 DomOptimalPoints: 	 0 	1111111111111111111111111	0	1554765096
0.807898	1.000000	600	0	1182	0.000000 	 PFSize: 	 26 	 HypVol: 	 0.52000000 	 IGD: 	 0.00000000 	 GD: 	 0.00000000 	 MaxSpread: 	 2.00000000 	 DomOptimalPoints: 	 0 	0000000000000000000000000	0	1554765101
0.919145	1.000000	2364	0	3624	1.000000 	 PFSize: 	 26 	 HypVol: 	 0.52000000 	 IGD: 	 0.00000000 	 GD: 	 0.00000000 	 MaxSpread: 	 2.00000000 	 DomOptimalPoints: 	 0 	1111111111111111111111111	0	1554765106
0.869399	1.000000	586	0	1170	0.000000 	 PFSize: 	 26 	 HypVol: 	 0.52000000 	 IGD: 	 0.00000000 	 GD: 	 0.00000000 	 MaxSpread: 	 2.00000000 	 DomOptimalPoints: 	 0 	0000000000000000000000000	0	1554765111
0.767212	1.000000	560	0	1534	0.000000 	 PFSize: 	 26 	 HypVol: 	 0.52000000 	 IGD: 	 0.00000000 	 GD: 	 0.00000000 	 MaxSpread: 	 2.00000000 	 DomOptimalPoints: 	 0 	0000000000000000000000000	0	1554765119
0.833461	1.000000	4448	0	4448	1.000000 	 PFSize: 	 51 	 HypVol: 	 0.51000000 	 IGD: 	 0.00000000 	 GD: 	 0.00000000 	 MaxSpread: 	 2.00000000 	 DomOptimalPoints: 	 0 	11111111111111111111111111111111111111111111111111	0	1554765125
0.895569	1.000000	1516	0	6276	0.000000 	 PFSize: 	 51 	 HypVol: 	 0.51000000 	 IGD: 	 0.00000000 	 GD: 	 0.00000000 	 MaxSpread: 	 2.00000000 	 DomOptimalPoints: 	 0 	00000000000000000000000000000000000000000000000000	0	1554765130
0.962851	1.000000	5956	0	16960	0.000000 	 PFSize: 	 51 	 HypVol: 	 0.51000000 	 IGD: 	 0.00000000 	 GD: 	 0.00000000 	 MaxSpread: 	 2.00000000 	 DomOptimalPoints: 	 0 	00000000000000000000000000000000000000000000000000	0	1554765135
0.851977	1.000000	3686	0	3686	1.000000 	 PFSize: 	 51 	 HypVol: 	 0.51000000 	 IGD: 	 0.00000000 	 GD: 	 0.00000000 	 MaxSpread: 	 2.00000000 	 DomOptimalPoints: 	 0 	11111111111111111111111111111111111111111111111111	0	1554765140
0.960407	1.000000	16118	0	16118	1.000000 	 PFSize: 	 51 	 HypVol: 	 0.51000000 	 IGD: 	 0.00000000 	 GD: 	 0.00000000 	 MaxSpread: 	 2.00000000 	 DomOptimalPoints: 	 0 	11111111111111111111111111111111111111111111111111	0	1554765145
0.823126	1.000000	1874	0	6852	0.000000 	 PFSize: 	 51 	 HypVol: 	 0.51000000 	 IGD: 	 0.00000000 	 GD: 	 0.00000000 	 MaxSpread: 	 2.00000000 	 DomOptimalPoints: 	 0 	00000000000000000000000000000000000000000000000000	0	1554765150
0.624720	1.000000	3926	0	3926	1.000000 	 PFSize: 	 51 	 HypVol: 	 0.51000000 	 IGD: 	 0.00000000 	 GD: 	 0.00000000 	 MaxSpread: 	 2.00000000 	 DomOptimalPoints: 	 0 	11111111111111111111111111111111111111111111111111	0	1554765158
0.926889	1.000000	4310	0	4310	1.000000 	 PFSize: 	 51 	 HypVol: 	 0.51000000 	 IGD: 	 0.00000000 	 GD: 	 0.00000000 	 MaxSpread: 	 2.00000000 	 DomOptimalPoints: 	 0 	11111111111111111111111111111111111111111111111111	0	1554765163
0.946657	1.000000	3506	0	7990	0.000000 	 PFSize: 	 51 	 HypVol: 	 0.51000000 	 IGD: 	 0.00000000 	 GD: 	 0.00000000 	 MaxSpread: 	 2.00000000 	 DomOptimalPoints: 	 0 	00000000000000000000000000000000000000000000000000	0	1554765168
0.795432	1.000000	8246	0	8246	0.000000 	 PFSize: 	 51 	 HypVol: 	 0.51000000 	 IGD: 	 0.00000000 	 GD: 	 0.00000000 	 MaxSpread: 	 2.00000000 	 DomOptimalPoints: 	 0 	00000000000000000000000000000000000000000000000000	0	1554765173
0.924646	1.000000	4520	0	4520	1.000000 	 PFSize: 	 51 	 HypVol: 	 0.51000000 	 IGD: 	 0.00000000 	 GD: 	 0.00000000 	 MaxSpread: 	 2.00000000 	 DomOptimalPoints: 	 0 	11111111111111111111111111111111111111111111111111	0	1554765178
0.844057	1.000000	9574	0	9574	1.000000 	 PFSize: 	 51 	 HypVol: 	 0.51000000 	 IGD: 	 0.00000000 	 GD: 	 0.00000000 	 MaxSpread: 	 2.00000000 	 DomOptimalPoints: 	 0 	11111111111111111111111111111111111111111111111111	0	1554765183
0.946459	1.000000	2032	0	8626	1.000000 	 PFSize: 	 51 	 HypVol: 	 0.51000000 	 IGD: 	 0.00000000 	 GD: 	 0.00000000 	 MaxSpread: 	 2.00000000 	 DomOptimalPoints: 	 0 	11111111111111111111111111111111111111111111111111	0	1554765188
0.838974	1.000000	1922	0	5750	0.000000 	 PFSize: 	 51 	 HypVol: 	 0.51000000 	 IGD: 	 0.00000000 	 GD: 	 0.00000000 	 MaxSpread: 	 2.00000000 	 DomOptimalPoints: 	 0 	00000000000000000000000000000000000000000000000000	0	1554765196
0.968880	1.000000	3706	0	6188	0.000000 	 PFSize: 	 51 	 HypVol: 	 0.51000000 	 IGD: 	 0.00000000 	 GD: 	 0.00000000 	 MaxSpread: 	 2.00000000 	 DomOptimalPoints: 	 0 	00000000000000000000000000000000000000000000000000	1	1554765201
0.661796	1.000000	2238	0	6398	0.000000 	 PFSize: 	 51 	 HypVol: 	 0.51000000 	 IGD: 	 0.00000000 	 GD: 	 0.00000000 	 MaxSpread: 	 2.00000000 	 DomOptimalPoints: 	 0 	00000000000000000000000000000000000000000000000000	0	1554765207
0.877547	1.000000	2000	0	3976	0.000000 	 PFSize: 	 51 	 HypVol: 	 0.51000000 	 IGD: 	 0.00000000 	 GD: 	 0.00000000 	 MaxSpread: 	 2.00000000 	 DomOptimalPoints: 	 0 	00000000000000000000000000000000000000000000000000	0	1554765212
0.808275	1.000000	2020	0	5580	0.000000 	 PFSize: 	 51 	 HypVol: 	 0.51000000 	 IGD: 	 0.00000000 	 GD: 	 0.00000000 	 MaxSpread: 	 2.00000000 	 DomOptimalPoints: 	 0 	00000000000000000000000000000000000000000000000000	0	1554765217
0.984395	1.000000	8454	0	10154	0.000000 	 PFSize: 	 51 	 HypVol: 	 0.51000000 	 IGD: 	 0.00000000 	 GD: 	 0.00000000 	 MaxSpread: 	 2.00000000 	 DomOptimalPoints: 	 0 	00000000000000000000000000000000000000000000000000	0	1554765222
0.897347	1.000000	4060	0	4060	1.000000 	 PFSize: 	 51 	 HypVol: 	 0.51000000 	 IGD: 	 0.00000000 	 GD: 	 0.00000000 	 MaxSpread: 	 2.00000000 	 DomOptimalPoints: 	 0 	11111111111111111111111111111111111111111111111111	0	1554765227
0.772158	1.000000	1784	0	8024	0.000000 	 PFSize: 	 51 	 HypVol: 	 0.51000000 	 IGD: 	 0.00000000 	 GD: 	 0.00000000 	 MaxSpread: 	 2.00000000 	 DomOptimalPoints: 	 0 	00000000000000000000000000000000000000000000000000	0	1554765235
0.663600	1.000000	1958	0	4210	1.000000 	 PFSize: 	 51 	 HypVol: 	 0.51000000 	 IGD: 	 0.00000000 	 GD: 	 0.00000000 	 MaxSpread: 	 2.00000000 	 DomOptimalPoints: 	 0 	11111111111111111111111111111111111111111111111111	0	1554765240
0.932760	1.000000	4516	0	8080	0.000000 	 PFSize: 	 51 	 HypVol: 	 0.51000000 	 IGD: 	 0.00000000 	 GD: 	 0.00000000 	 MaxSpread: 	 2.00000000 	 DomOptimalPoints: 	 0 	00000000000000000000000000000000000000000000000000	0	1554765245
0.731049	1.000000	1778	0	7264	0.000000 	 PFSize: 	 51 	 HypVol: 	 0.51000000 	 IGD: 	 0.00000000 	 GD: 	 0.00000000 	 MaxSpread: 	 2.00000000 	 DomOptimalPoints: 	 0 	00000000000000000000000000000000000000000000000000	0	1554765250
0.885708	1.000000	1950	0	5332	0.000000 	 PFSize: 	 51 	 HypVol: 	 0.51000000 	 IGD: 	 0.00000000 	 GD: 	 0.00000000 	 MaxSpread: 	 2.00000000 	 DomOptimalPoints: 	 0 	00000000000000000000000000000000000000000000000000	0	1554765255
0.830348	1.000000	2138	0	12534	0.000000 	 PFSize: 	 51 	 HypVol: 	 0.51000000 	 IGD: 	 0.00000000 	 GD: 	 0.00000000 	 MaxSpread: 	 2.00000000 	 DomOptimalPoints: 	 0 	00000000000000000000000000000000000000000000000000	0	1554765260
0.750935	1.000000	5492	0	5492	1.000000 	 PFSize: 	 51 	 HypVol: 	 0.51000000 	 IGD: 	 0.00000000 	 GD: 	 0.00000000 	 MaxSpread: 	 2.00000000 	 DomOptimalPoints: 	 0 	11111111111111111111111111111111111111111111111111	0	1554765265
0.873383	1.000000	2070	0	5764	0.000000 	 PFSize: 	 51 	 HypVol: 	 0.51000000 	 IGD: 	 0.00000000 	 GD: 	 0.00000000 	 MaxSpread: 	 2.00000000 	 DomOptimalPoints: 	 0 	00000000000000000000000000000000000000000000000000	0	1554765273
0.983337	1.000000	3994	1	11328	0.000000 	 PFSize: 	 51 	 HypVol: 	 0.51000000 	 IGD: 	 0.00000000 	 GD: 	 0.00000000 	 MaxSpread: 	 2.00000000 	 DomOptimalPoints: 	 0 	00000000000000000000000000000000000000000000000000	1	1554765278
0.792611	1.000000	1860	0	7788	0.000000 	 PFSize: 	 51 	 HypVol: 	 0.51000000 	 IGD: 	 0.00000000 	 GD: 	 0.00000000 	 MaxSpread: 	 2.00000000 	 DomOptimalPoints: 	 0 	00000000000000000000000000000000000000000000000000	0	1554765284
0.991144	1.000000	4510	0	10758	0.000000 	 PFSize: 	 51 	 HypVol: 	 0.51000000 	 IGD: 	 0.00000000 	 GD: 	 0.00000000 	 MaxSpread: 	 2.00000000 	 DomOptimalPoints: 	 0 	00000000000000000000000000000000000000000000000000	0	1554765289
0.910395	1.000000	5488	0	7502	0.000000 	 PFSize: 	 51 	 HypVol: 	 0.51000000 	 IGD: 	 0.00000000 	 GD: 	 0.00000000 	 MaxSpread: 	 2.00000000 	 DomOptimalPoints: 	 0 	00000000000000000000000000000000000000000000000000	0	1554765294
0.760250	1.000000	1676	0	9622	0.000000 	 PFSize: 	 51 	 HypVol: 	 0.51000000 	 IGD: 	 0.00000000 	 GD: 	 0.00000000 	 MaxSpread: 	 2.00000000 	 DomOptimalPoints: 	 0 	00000000000000000000000000000000000000000000000000	0	1554765299
0.757008	1.000000	4618	0	4618	0.000000 	 PFSize: 	 51 	 HypVol: 	 0.51000000 	 IGD: 	 0.00000000 	 GD: 	 0.00000000 	 MaxSpread: 	 2.00000000 	 DomOptimalPoints: 	 0 	00000000000000000000000000000000000000000000000000	0	1554765304
0.836904	1.000000	2118	0	3776	0.000000 	 PFSize: 	 51 	 HypVol: 	 0.51000000 	 IGD: 	 0.00000000 	 GD: 	 0.00000000 	 MaxSpread: 	 2.00000000 	 DomOptimalPoints: 	 0 	00000000000000000000000000000000000000000000000000	0	1554765312
0.706689	1.000000	2142	0	4486	0.000000 	 PFSize: 	 51 	 HypVol: 	 0.51000000 	 IGD: 	 0.00000000 	 GD: 	 0.00000000 	 MaxSpread: 	 2.00000000 	 DomOptimalPoints: 	 0 	00000000000000000000000000000000000000000000000000	0	1554765317
0.877903	1.000000	2332	0	4188	0.000000 	 PFSize: 	 51 	 HypVol: 	 0.51000000 	 IGD: 	 0.00000000 	 GD: 	 0.00000000 	 MaxSpread: 	 2.00000000 	 DomOptimalPoints: 	 0 	00000000000000000000000000000000000000000000000000	0	1554765322
0.817502	1.000000	2100	0	4144	0.000000 	 PFSize: 	 51 	 HypVol: 	 0.51000000 	 IGD: 	 0.00000000 	 GD: 	 0.00000000 	 MaxSpread: 	 2.00000000 	 DomOptimalPoints: 	 0 	00000000000000000000000000000000000000000000000000	0	1554765327
0.774081	1.000000	3714	0	3714	1.000000 	 PFSize: 	 51 	 HypVol: 	 0.51000000 	 IGD: 	 0.00000000 	 GD: 	 0.00000000 	 MaxSpread: 	 2.00000000 	 DomOptimalPoints: 	 0 	11111111111111111111111111111111111111111111111111	0	1554765332
0.867027	1.000000	1364	0	7578	0.000000 	 PFSize: 	 51 	 HypVol: 	 0.51000000 	 IGD: 	 0.00000000 	 GD: 	 0.00000000 	 MaxSpread: 	 2.00000000 	 DomOptimalPoints: 	 0 	00000000000000000000000000000000000000000000000000	0	1554765337
0.932160	1.000000	7526	0	12058	0.000000 	 PFSize: 	 51 	 HypVol: 	 0.51000000 	 IGD: 	 0.00000000 	 GD: 	 0.00000000 	 MaxSpread: 	 2.00000000 	 DomOptimalPoints: 	 0 	00000000000000000000000000000000000000000000000000	0	1554765342
0.584761	1.000000	6346	0	6346	1.000000 	 PFSize: 	 51 	 HypVol: 	 0.51000000 	 IGD: 	 0.00000000 	 GD: 	 0.00000000 	 MaxSpread: 	 2.00000000 	 DomOptimalPoints: 	 0 	11111111111111111111111111111111111111111111111111	0	1554765350
0.979452	1.000000	3534	0	9450	1.000000 	 PFSize: 	 51 	 HypVol: 	 0.51000000 	 IGD: 	 0.00000000 	 GD: 	 0.00000000 	 MaxSpread: 	 2.00000000 	 DomOptimalPoints: 	 0 	11111111111111111111111111111111111111111111111111	0	1554765355
0.755856	1.000000	2136	0	4294	0.000000 	 PFSize: 	 51 	 HypVol: 	 0.51000000 	 IGD: 	 0.00000000 	 GD: 	 0.00000000 	 MaxSpread: 	 2.00000000 	 DomOptimalPoints: 	 0 	00000000000000000000000000000000000000000000000000	0	1554765360
0.782617	1.000000	7890	0	7890	0.000000 	 PFSize: 	 51 	 HypVol: 	 0.51000000 	 IGD: 	 0.00000000 	 GD: 	 0.00000000 	 MaxSpread: 	 2.00000000 	 DomOptimalPoints: 	 0 	00000000000000000000000000000000000000000000000000	1	1554765365
0.948097	1.000000	5918	0	9628	1.000000 	 PFSize: 	 51 	 HypVol: 	 0.51000000 	 IGD: 	 0.00000000 	 GD: 	 0.00000000 	 MaxSpread: 	 2.00000000 	 DomOptimalPoints: 	 0 	11111111111111111111111111111111111111111111111111	0	1554765371
0.828928	1.000000	2346	0	6630	0.000000 	 PFSize: 	 51 	 HypVol: 	 0.51000000 	 IGD: 	 0.00000000 	 GD: 	 0.00000000 	 MaxSpread: 	 2.00000000 	 DomOptimalPoints: 	 0 	00000000000000000000000000000000000000000000000000	0	1554765376
0.692204	1.000000	2466	0	4750	0.000000 	 PFSize: 	 51 	 HypVol: 	 0.51000000 	 IGD: 	 0.00000000 	 GD: 	 0.00000000 	 MaxSpread: 	 2.00000000 	 DomOptimalPoints: 	 0 	00000000000000000000000000000000000000000000000000	0	1554765381
0.869859	1.000000	2364	0	6160	0.000000 	 PFSize: 	 51 	 HypVol: 	 0.51000000 	 IGD: 	 0.00000000 	 GD: 	 0.00000000 	 MaxSpread: 	 2.00000000 	 DomOptimalPoints: 	 0 	00000000000000000000000000000000000000000000000000	0	1554765389
0.970089	1.000000	8028	0	9984	0.000000 	 PFSize: 	 51 	 HypVol: 	 0.51000000 	 IGD: 	 0.00000000 	 GD: 	 0.00000000 	 MaxSpread: 	 2.00000000 	 DomOptimalPoints: 	 0 	00000000000000000000000000000000000000000000000000	0	1554765394
0.745590	1.000000	14992	0	23082	1.000000 	 PFSize: 	 101 	 HypVol: 	 0.50500000 	 IGD: 	 0.00000000 	 GD: 	 0.00000000 	 MaxSpread: 	 2.00000000 	 DomOptimalPoints: 	 0 	1111111111111111111111111111111111111111111111111111111111111111111111111111111111111111111111111111	0	1554765399
0.994275	1.000000	16966	0	16966	1.000000 	 PFSize: 	 101 	 HypVol: 	 0.50500000 	 IGD: 	 0.00000000 	 GD: 	 0.00000000 	 MaxSpread: 	 2.00000000 	 DomOptimalPoints: 	 0 	1111111111111111111111111111111111111111111111111111111111111111111111111111111111111111111111111111	0	1554765404
0.972308	1.000000	70080	0	70080	1.000000 	 PFSize: 	 101 	 HypVol: 	 0.50500000 	 IGD: 	 0.00000000 	 GD: 	 0.00000000 	 MaxSpread: 	 2.00000000 	 DomOptimalPoints: 	 0 	1111111111111111111111111111111111111111111111111111111111111111111111111111111111111111111111111111	0	1554765409
0.696618	1.000000	16560	0	16560	0.000000 	 PFSize: 	 101 	 HypVol: 	 0.50500000 	 IGD: 	 0.00000000 	 GD: 	 0.00000000 	 MaxSpread: 	 2.00000000 	 DomOptimalPoints: 	 0 	0000000000000000000000000000000000000000000000000000000000000000000000000000000000000000000000000000	0	1554765414
0.978420	1.000000	15588	0	15588	1.000000 	 PFSize: 	 101 	 HypVol: 	 0.50500000 	 IGD: 	 0.00000000 	 GD: 	 0.00000000 	 MaxSpread: 	 2.00000000 	 DomOptimalPoints: 	 0 	1111111111111111111111111111111111111111111111111111111111111111111111111111111111111111111111111111	0	1554765419
0.789374	1.000000	17150	0	24514	0.000000 	 PFSize: 	 101 	 HypVol: 	 0.50500000 	 IGD: 	 0.00000000 	 GD: 	 0.00000000 	 MaxSpread: 	 2.00000000 	 DomOptimalPoints: 	 0 	0000000000000000000000000000000000000000000000000000000000000000000000000000000000000000000000000000	0	1554765427
0.772668	1.000000	9186	0	31522	1.000000 	 PFSize: 	 101 	 HypVol: 	 0.50500000 	 IGD: 	 0.00000000 	 GD: 	 0.00000000 	 MaxSpread: 	 2.00000000 	 DomOptimalPoints: 	 0 	1111111111111111111111111111111111111111111111111111111111111111111111111111111111111111111111111111	0	1554765432
0.824688	1.000000	8448	0	16006	0.000000 	 PFSize: 	 101 	 HypVol: 	 0.50500000 	 IGD: 	 0.00000000 	 GD: 	 0.00000000 	 MaxSpread: 	 2.00000000 	 DomOptimalPoints: 	 0 	0000000000000000000000000000000000000000000000000000000000000000000000000000000000000000000000000000	0	1554765437
0.689084	1.000000	8276	0	24982	0.000000 	 PFSize: 	 101 	 HypVol: 	 0.50500000 	 IGD: 	 0.00000000 	 GD: 	 0.00000000 	 MaxSpread: 	 2.00000000 	 DomOptimalPoints: 	 0 	0000000000000000000000000000000000000000000000000000000000000000000000000000000000000000000000000000	0	1554765442
0.868254	1.000000	7534	0	22682	0.000000 	 PFSize: 	 101 	 HypVol: 	 0.50500000 	 IGD: 	 0.00000000 	 GD: 	 0.00000000 	 MaxSpread: 	 2.00000000 	 DomOptimalPoints: 	 0 	0000000000000000000000000000000000000000000000000000000000000000000000000000000000000000000000000000	1	1554765447
0.912458	1.000000	30818	0	30818	1.000000 	 PFSize: 	 101 	 HypVol: 	 0.50500000 	 IGD: 	 0.00000000 	 GD: 	 0.00000000 	 MaxSpread: 	 2.00000000 	 DomOptimalPoints: 	 0 	1111111111111111111111111111111111111111111111111111111111111111111111111111111111111111111111111111	0	1554765453
0.825966	1.000000	15680	0	22846	0.000000 	 PFSize: 	 101 	 HypVol: 	 0.50500000 	 IGD: 	 0.00000000 	 GD: 	 0.00000000 	 MaxSpread: 	 2.00000000 	 DomOptimalPoints: 	 0 	0000000000000000000000000000000000000000000000000000000000000000000000000000000000000000000000000000	0	1554765458
0.646871	1.000000	24368	0	39592	0.000000 	 PFSize: 	 101 	 HypVol: 	 0.50500000 	 IGD: 	 0.00000000 	 GD: 	 0.00000000 	 MaxSpread: 	 2.00000000 	 DomOptimalPoints: 	 0 	0000000000000000000000000000000000000000000000000000000000000000000000000000000000000000000000000000	0	1554765466
0.849032	1.000000	8910	0	17530	0.000000 	 PFSize: 	 101 	 HypVol: 	 0.50500000 	 IGD: 	 0.00000000 	 GD: 	 0.00000000 	 MaxSpread: 	 2.00000000 	 DomOptimalPoints: 	 0 	0000000000000000000000000000000000000000000000000000000000000000000000000000000000000000000000000000	0	1554765471
0.761318	1.000000	7916	0	24154	0.000000 	 PFSize: 	 101 	 HypVol: 	 0.50500000 	 IGD: 	 0.00000000 	 GD: 	 0.00000000 	 MaxSpread: 	 2.00000000 	 DomOptimalPoints: 	 0 	0000000000000000000000000000000000000000000000000000000000000000000000000000000000000000000000000000	0	1554765476
0.825369	1.000000	20970	0	37302	1.000000 	 PFSize: 	 101 	 HypVol: 	 0.50500000 	 IGD: 	 0.00000000 	 GD: 	 0.00000000 	 MaxSpread: 	 2.00000000 	 DomOptimalPoints: 	 0 	1111111111111111111111111111111111111111111111111111111111111111111111111111111111111111111111111111	0	1554765481
0.959841	1.000000	38626	0	38626	0.000000 	 PFSize: 	 101 	 HypVol: 	 0.50500000 	 IGD: 	 0.00000000 	 GD: 	 0.00000000 	 MaxSpread: 	 2.00000000 	 DomOptimalPoints: 	 0 	0000000000000000000000000000000000000000000000000000000000000000000000000000000000000000000000000000	0	1554765486
0.873287	1.000000	15982	0	71612	0.000000 	 PFSize: 	 101 	 HypVol: 	 0.50500000 	 IGD: 	 0.00000000 	 GD: 	 0.00000000 	 MaxSpread: 	 2.00000000 	 DomOptimalPoints: 	 0 	0000000000000000000000000000000000000000000000000000000000000000000000000000000000000000000000000000	0	1554765491
0.809524	1.000000	6298	0	29146	1.000000 	 PFSize: 	 101 	 HypVol: 	 0.50500000 	 IGD: 	 0.00000000 	 GD: 	 0.00000000 	 MaxSpread: 	 2.00000000 	 DomOptimalPoints: 	 0 	1111111111111111111111111111111111111111111111111111111111111111111111111111111111111111111111111111	0	1554765496
0.980886	1.000000	59284	0	84548	0.000000 	 PFSize: 	 101 	 HypVol: 	 0.50500000 	 IGD: 	 0.00000000 	 GD: 	 0.00000000 	 MaxSpread: 	 2.00000000 	 DomOptimalPoints: 	 0 	0000000000000000000000000000000000000000000000000000000000000000000000000000000000000000000000000000	0	1554765504
0.894475	1.000000	17872	0	17872	1.000000 	 PFSize: 	 101 	 HypVol: 	 0.50500000 	 IGD: 	 0.00000000 	 GD: 	 0.00000000 	 MaxSpread: 	 2.00000000 	 DomOptimalPoints: 	 0 	1111111111111111111111111111111111111111111111111111111111111111111111111111111111111111111111111111	0	1554765509
0.860175	1.000000	6516	0	21324	0.000000 	 PFSize: 	 101 	 HypVol: 	 0.50500000 	 IGD: 	 0.00000000 	 GD: 	 0.00000000 	 MaxSpread: 	 2.00000000 	 DomOptimalPoints: 	 0 	0000000000000000000000000000000000000000000000000000000000000000000000000000000000000000000000000000	0	1554765514
0.844253	1.000000	31474	0	40494	1.000000 	 PFSize: 	 101 	 HypVol: 	 0.50500000 	 IGD: 	 0.00000000 	 GD: 	 0.00000000 	 MaxSpread: 	 2.00000000 	 DomOptimalPoints: 	 0 	1111111111111111111111111111111111111111111111111111111111111111111111111111111111111111111111111111	0	1554765519
0.588552	1.000000	10188	0	26106	0.000000 	 PFSize: 	 101 	 HypVol: 	 0.50500000 	 IGD: 	 0.00000000 	 GD: 	 0.00000000 	 MaxSpread: 	 2.00000000 	 DomOptimalPoints: 	 0 	0000000000000000000000000000000000000000000000000000000000000000000000000000000000000000000000000000	0	1554765524
0.847910	1.000000	7886	1	16862	0.000000 	 PFSize: 	 101 	 HypVol: 	 0.50500000 	 IGD: 	 0.00000000 	 GD: 	 0.00000000 	 MaxSpread: 	 2.00000000 	 DomOptimalPoints: 	 0 	0000000000000000000000000000000000000000000000000000000000000000000000000000000000000000000000000000	1	1554765529
0.842445	1.000000	7904	0	22306	0.000000 	 PFSize: 	 101 	 HypVol: 	 0.50500000 	 IGD: 	 0.00000000 	 GD: 	 0.00000000 	 MaxSpread: 	 2.00000000 	 DomOptimalPoints: 	 0 	0000000000000000000000000000000000000000000000000000000000000000000000000000000000000000000000000000	0	1554765535
0.857893	1.000000	15810	0	15810	1.000000 	 PFSize: 	 101 	 HypVol: 	 0.50500000 	 IGD: 	 0.00000000 	 GD: 	 0.00000000 	 MaxSpread: 	 2.00000000 	 DomOptimalPoints: 	 0 	1111111111111111111111111111111111111111111111111111111111111111111111111111111111111111111111111111	0	1554765543
0.786130	1.000000	17038	0	17038	0.000000 	 PFSize: 	 101 	 HypVol: 	 0.50500000 	 IGD: 	 0.00000000 	 GD: 	 0.00000000 	 MaxSpread: 	 2.00000000 	 DomOptimalPoints: 	 0 	0000000000000000000000000000000000000000000000000000000000000000000000000000000000000000000000000000	0	1554765548
0.823780	1.000000	7712	0	16388	0.000000 	 PFSize: 	 101 	 HypVol: 	 0.50500000 	 IGD: 	 0.00000000 	 GD: 	 0.00000000 	 MaxSpread: 	 2.00000000 	 DomOptimalPoints: 	 0 	0000000000000000000000000000000000000000000000000000000000000000000000000000000000000000000000000000	0	1554765553
0.873999	1.000000	15294	0	15294	1.000000 	 PFSize: 	 101 	 HypVol: 	 0.50500000 	 IGD: 	 0.00000000 	 GD: 	 0.00000000 	 MaxSpread: 	 2.00000000 	 DomOptimalPoints: 	 0 	1111111111111111111111111111111111111111111111111111111111111111111111111111111111111111111111111111	0	1554765558
0.926138	1.000000	9884	0	17390	1.000000 	 PFSize: 	 101 	 HypVol: 	 0.50500000 	 IGD: 	 0.00000000 	 GD: 	 0.00000000 	 MaxSpread: 	 2.00000000 	 DomOptimalPoints: 	 0 	1111111111111111111111111111111111111111111111111111111111111111111111111111111111111111111111111111	0	1554765563
0.968348	1.000000	47842	0	47842	1.000000 	 PFSize: 	 101 	 HypVol: 	 0.50500000 	 IGD: 	 0.00000000 	 GD: 	 0.00000000 	 MaxSpread: 	 2.00000000 	 DomOptimalPoints: 	 0 	1111111111111111111111111111111111111111111111111111111111111111111111111111111111111111111111111111	0	1554765568
0.883552	1.000000	16204	0	16204	1.000000 	 PFSize: 	 101 	 HypVol: 	 0.50500000 	 IGD: 	 0.00000000 	 GD: 	 0.00000000 	 MaxSpread: 	 2.00000000 	 DomOptimalPoints: 	 0 	1111111111111111111111111111111111111111111111111111111111111111111111111111111111111111111111111111	0	1554765573
0.851849	1.000000	9500	0	23374	0.000000 	 PFSize: 	 101 	 HypVol: 	 0.50500000 	 IGD: 	 0.00000000 	 GD: 	 0.00000000 	 MaxSpread: 	 2.00000000 	 DomOptimalPoints: 	 0 	0000000000000000000000000000000000000000000000000000000000000000000000000000000000000000000000000000	0	1554765581
0.776884	1.000000	7630	0	16508	0.000000 	 PFSize: 	 101 	 HypVol: 	 0.50500000 	 IGD: 	 0.00000000 	 GD: 	 0.00000000 	 MaxSpread: 	 2.00000000 	 DomOptimalPoints: 	 0 	0000000000000000000000000000000000000000000000000000000000000000000000000000000000000000000000000000	0	1554765586
0.663307	1.000000	14568	0	14568	1.000000 	 PFSize: 	 101 	 HypVol: 	 0.50500000 	 IGD: 	 0.00000000 	 GD: 	 0.00000000 	 MaxSpread: 	 2.00000000 	 DomOptimalPoints: 	 0 	1111111111111111111111111111111111111111111111111111111111111111111111111111111111111111111111111111	0	1554765591
1.000000	1.000000	13880	0	13880	1.000000 	 PFSize: 	 55 	 HypVol: 	 0.61310000 	 IGD: 	 0.10930693 	 GD: 	 0.00000000 	 MaxSpread: 	 2.00000000 	 DomOptimalPoints: 	 0 	1111111111111111111111111111111111111111111111111111111111111111111111111111111111111111111111111111	0	1554765596
0.872251	1.000000	14596	0	22352	0.000000 	 PFSize: 	 101 	 HypVol: 	 0.50500000 	 IGD: 	 0.00000000 	 GD: 	 0.00000000 	 MaxSpread: 	 2.00000000 	 DomOptimalPoints: 	 0 	0000000000000000000000000000000000000000000000000000000000000000000000000000000000000000000000000000	0	1554765601
0.726932	1.000000	29650	0	29650	0.000000 	 PFSize: 	 101 	 HypVol: 	 0.50500000 	 IGD: 	 0.00000000 	 GD: 	 0.00000000 	 MaxSpread: 	 2.00000000 	 DomOptimalPoints: 	 0 	0000000000000000000000000000000000000000000000000000000000000000000000000000000000000000000000000000	0	1554765606
0.972906	1.000000	16162	0	16162	1.000000 	 PFSize: 	 101 	 HypVol: 	 0.50500000 	 IGD: 	 0.00000000 	 GD: 	 0.00000000 	 MaxSpread: 	 2.00000000 	 DomOptimalPoints: 	 0 	1111111111111111111111111111111111111111111111111111111111111111111111111111111111111111111111111111	0	1554765611
0.700286	1.000000	8384	0	15664	0.000000 	 PFSize: 	 101 	 HypVol: 	 0.50500000 	 IGD: 	 0.00000000 	 GD: 	 0.00000000 	 MaxSpread: 	 2.00000000 	 DomOptimalPoints: 	 0 	0000000000000000000000000000000000000000000000000000000000000000000000000000000000000000000000000000	1	1554765619
0.680835	1.000000	8084	0	32250	0.000000 	 PFSize: 	 101 	 HypVol: 	 0.50500000 	 IGD: 	 0.00000000 	 GD: 	 0.00000000 	 MaxSpread: 	 2.00000000 	 DomOptimalPoints: 	 0 	0000000000000000000000000000000000000000000000000000000000000000000000000000000000000000000000000000	0	1554765625
0.939393	1.000000	24384	0	24384	1.000000 	 PFSize: 	 101 	 HypVol: 	 0.50500000 	 IGD: 	 0.00000000 	 GD: 	 0.00000000 	 MaxSpread: 	 2.00000000 	 DomOptimalPoints: 	 0 	1111111111111111111111111111111111111111111111111111111111111111111111111111111111111111111111111111	0	1554765630
0.792541	1.000000	6860	0	31480	0.000000 	 PFSize: 	 101 	 HypVol: 	 0.50500000 	 IGD: 	 0.00000000 	 GD: 	 0.00000000 	 MaxSpread: 	 2.00000000 	 DomOptimalPoints: 	 0 	0000000000000000000000000000000000000000000000000000000000000000000000000000000000000000000000000000	0	1554765635
0.796676	1.000000	25402	0	25402	1.000000 	 PFSize: 	 101 	 HypVol: 	 0.50500000 	 IGD: 	 0.00000000 	 GD: 	 0.00000000 	 MaxSpread: 	 2.00000000 	 DomOptimalPoints: 	 0 	1111111111111111111111111111111111111111111111111111111111111111111111111111111111111111111111111111	0	1554765640
0.919659	1.000000	15318	0	51376	0.000000 	 PFSize: 	 101 	 HypVol: 	 0.50500000 	 IGD: 	 0.00000000 	 GD: 	 0.00000000 	 MaxSpread: 	 2.00000000 	 DomOptimalPoints: 	 0 	0000000000000000000000000000000000000000000000000000000000000000000000000000000000000000000000000000	0	1554765645
0.970671	1.000000	39222	0	39222	1.000000 	 PFSize: 	 101 	 HypVol: 	 0.50500000 	 IGD: 	 0.00000000 	 GD: 	 0.00000000 	 MaxSpread: 	 2.00000000 	 DomOptimalPoints: 	 0 	1111111111111111111111111111111111111111111111111111111111111111111111111111111111111111111111111111	0	1554765650
0.753733	1.000000	16606	0	24586	0.000000 	 PFSize: 	 101 	 HypVol: 	 0.50500000 	 IGD: 	 0.00000000 	 GD: 	 0.00000000 	 MaxSpread: 	 2.00000000 	 DomOptimalPoints: 	 0 	0000000000000000000000000000000000000000000000000000000000000000000000000000000000000000000000000000	0	1554765658
0.829246	1.000000	8212	0	16632	0.000000 	 PFSize: 	 101 	 HypVol: 	 0.50500000 	 IGD: 	 0.00000000 	 GD: 	 0.00000000 	 MaxSpread: 	 2.00000000 	 DomOptimalPoints: 	 0 	0000000000000000000000000000000000000000000000000000000000000000000000000000000000000000000000000000	0	1554765663
0.959592	1.000000	26850	0	35586	0.000000 	 PFSize: 	 101 	 HypVol: 	 0.50500000 	 IGD: 	 0.00000000 	 GD: 	 0.00000000 	 MaxSpread: 	 2.00000000 	 DomOptimalPoints: 	 0 	0000000000000000000000000000000000000000000000000000000000000000000000000000000000000000000000000000	0	1554765668
0.729650	1.000000	153682	0	153682	0.000000 	 PFSize: 	 201 	 HypVol: 	 0.50250000 	 IGD: 	 0.00000000 	 GD: 	 0.00000000 	 MaxSpread: 	 2.00000000 	 DomOptimalPoints: 	 0 	00000000000000000000000000000000000000000000000000000000000000000000000000000000000000000000000000000000000000000000000000000000000000000000000000000000000000000000000000000000000000000000000000000000	0	1554765673
0.851620	1.000000	187462	1	217558	1.000000 	 PFSize: 	 201 	 HypVol: 	 0.50250000 	 IGD: 	 0.00000000 	 GD: 	 0.00000000 	 MaxSpread: 	 2.00000000 	 DomOptimalPoints: 	 0 	11111111111111111111111111111111111111111111111111111111111111111111111111111111111111111111111111111111111111111111111111111111111111111111111111111111111111111111111111111111111111111111111111111111	1	1554765678
0.688208	1.000000	30716	0	93694	0.000000 	 PFSize: 	 201 	 HypVol: 	 0.50250000 	 IGD: 	 0.00000000 	 GD: 	 0.00000000 	 MaxSpread: 	 2.00000000 	 DomOptimalPoints: 	 0 	00000000000000000000000000000000000000000000000000000000000000000000000000000000000000000000000000000000000000000000000000000000000000000000000000000000000000000000000000000000000000000000000000000000	0	1554765683
0.921627	1.000000	32862	0	63822	1.000000 	 PFSize: 	 201 	 HypVol: 	 0.50250000 	 IGD: 	 0.00000000 	 GD: 	 0.00000000 	 MaxSpread: 	 2.00000000 	 DomOptimalPoints: 	 0 	11111111111111111111111111111111111111111111111111111111111111111111111111111111111111111111111111111111111111111111111111111111111111111111111111111111111111111111111111111111111111111111111111111111	1	1554765688
0.788857	1.000000	31506	1	62392	0.000000 	 PFSize: 	 201 	 HypVol: 	 0.50250000 	 IGD: 	 0.00000000 	 GD: 	 0.00000000 	 MaxSpread: 	 2.00000000 	 DomOptimalPoints: 	 0 	00000000000000000000000000000000000000000000000000000000000000000000000000000000000000000000000000000000000000000000000000000000000000000000000000000000000000000000000000000000000000000000000000000000	1	1554765696
0.839682	1.000000	66134	0	154868	0.000000 	 PFSize: 	 201 	 HypVol: 	 0.50250000 	 IGD: 	 0.00000000 	 GD: 	 0.00000000 	 MaxSpread: 	 2.00000000 	 DomOptimalPoints: 	 0 	00000000000000000000000000000000000000000000000000000000000000000000000000000000000000000000000000000000000000000000000000000000000000000000000000000000000000000000000000000000000000000000000000000000	0	1554765702
0.778340	1.000000	88618	0	116826	0.000000 	 PFSize: 	 201 	 HypVol: 	 0.50250000 	 IGD: 	 0.00000000 	 GD: 	 0.00000000 	 MaxSpread: 	 2.00000000 	 DomOptimalPoints: 	 0 	00000000000000000000000000000000000000000000000000000000000000000000000000000000000000000000000000000000000000000000000000000000000000000000000000000000000000000000000000000000000000000000000000000000	0	1554765707
0.837150	1.000000	32852	0	62144	0.000000 	 PFSize: 	 201 	 HypVol: 	 0.50250000 	 IGD: 	 0.00000000 	 GD: 	 0.00000000 	 MaxSpread: 	 2.00000000 	 DomOptimalPoints: 	 0 	00000000000000000000000000000000000000000000000000000000000000000000000000000000000000000000000000000000000000000000000000000000000000000000000000000000000000000000000000000000000000000000000000000000	0	1554765712
0.752823	1.000000	29644	0	122392	0.000000 	 PFSize: 	 201 	 HypVol: 	 0.50250000 	 IGD: 	 0.00000000 	 GD: 	 0.00000000 	 MaxSpread: 	 2.00000000 	 DomOptimalPoints: 	 0 	00000000000000000000000000000000000000000000000000000000000000000000000000000000000000000000000000000000000000000000000000000000000000000000000000000000000000000000000000000000000000000000000000000000	0	1554765717
0.891829	1.000000	65742	0	65742	0.000000 	 PFSize: 	 201 	 HypVol: 	 0.50250000 	 IGD: 	 0.00000000 	 GD: 	 0.00000000 	 MaxSpread: 	 2.00000000 	 DomOptimalPoints: 	 0 	00000000000000000000000000000000000000000000000000000000000000000000000000000000000000000000000000000000000000000000000000000000000000000000000000000000000000000000000000000000000000000000000000000000	0	1554765722
0.822633	1.000000	30732	0	93840	0.000000 	 PFSize: 	 201 	 HypVol: 	 0.50250000 	 IGD: 	 0.00000000 	 GD: 	 0.00000000 	 MaxSpread: 	 2.00000000 	 DomOptimalPoints: 	 0 	00000000000000000000000000000000000000000000000000000000000000000000000000000000000000000000000000000000000000000000000000000000000000000000000000000000000000000000000000000000000000000000000000000000	0	1554765727
0.711537	1.000000	34484	0	64354	0.000000 	 PFSize: 	 201 	 HypVol: 	 0.50250000 	 IGD: 	 0.00000000 	 GD: 	 0.00000000 	 MaxSpread: 	 2.00000000 	 DomOptimalPoints: 	 0 	00000000000000000000000000000000000000000000000000000000000000000000000000000000000000000000000000000000000000000000000000000000000000000000000000000000000000000000000000000000000000000000000000000000	0	1554765735
0.858566	1.000000	156316	0	156316	0.000000 	 PFSize: 	 201 	 HypVol: 	 0.50250000 	 IGD: 	 0.00000000 	 GD: 	 0.00000000 	 MaxSpread: 	 2.00000000 	 DomOptimalPoints: 	 0 	00000000000000000000000000000000000000000000000000000000000000000000000000000000000000000000000000000000000000000000000000000000000000000000000000000000000000000000000000000000000000000000000000000000	0	1554765740
0.952499	1.000000	85606	0	148440	0.000000 	 PFSize: 	 201 	 HypVol: 	 0.50250000 	 IGD: 	 0.00000000 	 GD: 	 0.00000000 	 MaxSpread: 	 2.00000000 	 DomOptimalPoints: 	 0 	00000000000000000000000000000000000000000000000000000000000000000000000000000000000000000000000000000000000000000000000000000000000000000000000000000000000000000000000000000000000000000000000000000000	0	1554765745
0.808631	1.000000	152844	0	152844	0.000000 	 PFSize: 	 201 	 HypVol: 	 0.50250000 	 IGD: 	 0.00000000 	 GD: 	 0.00000000 	 MaxSpread: 	 2.00000000 	 DomOptimalPoints: 	 0 	00000000000000000000000000000000000000000000000000000000000000000000000000000000000000000000000000000000000000000000000000000000000000000000000000000000000000000000000000000000000000000000000000000000	0	1554765750
0.932992	1.000000	63574	0	96174	0.000000 	 PFSize: 	 201 	 HypVol: 	 0.50250000 	 IGD: 	 0.00000000 	 GD: 	 0.00000000 	 MaxSpread: 	 2.00000000 	 DomOptimalPoints: 	 0 	00000000000000000000000000000000000000000000000000000000000000000000000000000000000000000000000000000000000000000000000000000000000000000000000000000000000000000000000000000000000000000000000000000000	0	1554765755
0.780804	1.000000	34498	0	67242	0.000000 	 PFSize: 	 201 	 HypVol: 	 0.50250000 	 IGD: 	 0.00000000 	 GD: 	 0.00000000 	 MaxSpread: 	 2.00000000 	 DomOptimalPoints: 	 0 	00000000000000000000000000000000000000000000000000000000000000000000000000000000000000000000000000000000000000000000000000000000000000000000000000000000000000000000000000000000000000000000000000000000	0	1554765760
0.827153	1.000000	60056	1	60056	1.000000 	 PFSize: 	 201 	 HypVol: 	 0.50250000 	 IGD: 	 0.00000000 	 GD: 	 0.00000000 	 MaxSpread: 	 2.00000000 	 DomOptimalPoints: 	 0 	11111111111111111111111111111111111111111111111111111111111111111111111111111111111111111111111111111111111111111111111111111111111111111111111111111111111111111111111111111111111111111111111111111111	1	1554765765
0.833774	1.000000	30526	0	90078	0.000000 	 PFSize: 	 201 	 HypVol: 	 0.50250000 	 IGD: 	 0.00000000 	 GD: 	 0.00000000 	 MaxSpread: 	 2.00000000 	 DomOptimalPoints: 	 0 	00000000000000000000000000000000000000000000000000000000000000000000000000000000000000000000000000000000000000000000000000000000000000000000000000000000000000000000000000000000000000000000000000000000	1	1554765773
0.949776	1.000000	125072	1	125072	1.000000 	 PFSize: 	 201 	 HypVol: 	 0.50250000 	 IGD: 	 0.00000000 	 GD: 	 0.00000000 	 MaxSpread: 	 2.00000000 	 DomOptimalPoints: 	 0 	11111111111111111111111111111111111111111111111111111111111111111111111111111111111111111111111111111111111111111111111111111111111111111111111111111111111111111111111111111111111111111111111111111111	1	1554765778
0.505150	1.000000	30244	1	66594	1.000000 	 PFSize: 	 201 	 HypVol: 	 0.50250000 	 IGD: 	 0.00000000 	 GD: 	 0.00000000 	 MaxSpread: 	 2.00000000 	 DomOptimalPoints: 	 0 	11111111111111111111111111111111111111111111111111111111111111111111111111111111111111111111111111111111111111111111111111111111111111111111111111111111111111111111111111111111111111111111111111111111	1	1554765783
0.555775	1.000000	32830	0	64614	1.000000 	 PFSize: 	 201 	 HypVol: 	 0.50250000 	 IGD: 	 0.00000000 	 GD: 	 0.00000000 	 MaxSpread: 	 2.00000000 	 DomOptimalPoints: 	 0 	11111111111111111111111111111111111111111111111111111111111111111111111111111111111111111111111111111111111111111111111111111111111111111111111111111111111111111111111111111111111111111111111111111111	0	1554765789
0.993441	1.000000	123462	0	181170	0.000000 	 PFSize: 	 201 	 HypVol: 	 0.50250000 	 IGD: 	 0.00000000 	 GD: 	 0.00000000 	 MaxSpread: 	 2.00000000 	 DomOptimalPoints: 	 0 	00000000000000000000000000000000000000000000000000000000000000000000000000000000000000000000000000000000000000000000000000000000000000000000000000000000000000000000000000000000000000000000000000000000	0	1554765794
0.885664	1.000000	85932	0	117400	0.000000 	 PFSize: 	 201 	 HypVol: 	 0.50250000 	 IGD: 	 0.00000000 	 GD: 	 0.00000000 	 MaxSpread: 	 2.00000000 	 DomOptimalPoints: 	 0 	00000000000000000000000000000000000000000000000000000000000000000000000000000000000000000000000000000000000000000000000000000000000000000000000000000000000000000000000000000000000000000000000000000000	0	1554765799
0.738677	1.000000	29874	0	154806	1.000000 	 PFSize: 	 201 	 HypVol: 	 0.50250000 	 IGD: 	 0.00000000 	 GD: 	 0.00000000 	 MaxSpread: 	 2.00000000 	 DomOptimalPoints: 	 0 	11111111111111111111111111111111111111111111111111111111111111111111111111111111111111111111111111111111111111111111111111111111111111111111111111111111111111111111111111111111111111111111111111111111	0	1554765804
0.867799	1.000000	91440	0	304702	0.000000 	 PFSize: 	 201 	 HypVol: 	 0.50250000 	 IGD: 	 0.00000000 	 GD: 	 0.00000000 	 MaxSpread: 	 2.00000000 	 DomOptimalPoints: 	 0 	00000000000000000000000000000000000000000000000000000000000000000000000000000000000000000000000000000000000000000000000000000000000000000000000000000000000000000000000000000000000000000000000000000000	0	1554765812
0.745333	1.000000	61100	0	61100	1.000000 	 PFSize: 	 201 	 HypVol: 	 0.50250000 	 IGD: 	 0.00000000 	 GD: 	 0.00000000 	 MaxSpread: 	 2.00000000 	 DomOptimalPoints: 	 0 	11111111111111111111111111111111111111111111111111111111111111111111111111111111111111111111111111111111111111111111111111111111111111111111111111111111111111111111111111111111111111111111111111111111	0	1554765817
0.874824	1.000000	124966	0	124966	1.000000 	 PFSize: 	 201 	 HypVol: 	 0.50250000 	 IGD: 	 0.00000000 	 GD: 	 0.00000000 	 MaxSpread: 	 2.00000000 	 DomOptimalPoints: 	 0 	11111111111111111111111111111111111111111111111111111111111111111111111111111111111111111111111111111111111111111111111111111111111111111111111111111111111111111111111111111111111111111111111111111111	0	1554765822
0.767895	1.000000	31430	0	96530	0.000000 	 PFSize: 	 201 	 HypVol: 	 0.50250000 	 IGD: 	 0.00000000 	 GD: 	 0.00000000 	 MaxSpread: 	 2.00000000 	 DomOptimalPoints: 	 0 	00000000000000000000000000000000000000000000000000000000000000000000000000000000000000000000000000000000000000000000000000000000000000000000000000000000000000000000000000000000000000000000000000000000	0	1554765827
0.903289	1.000000	63142	0	95972	0.000000 	 PFSize: 	 201 	 HypVol: 	 0.50250000 	 IGD: 	 0.00000000 	 GD: 	 0.00000000 	 MaxSpread: 	 2.00000000 	 DomOptimalPoints: 	 0 	00000000000000000000000000000000000000000000000000000000000000000000000000000000000000000000000000000000000000000000000000000000000000000000000000000000000000000000000000000000000000000000000000000000	0	1554765832
0.998795	1.000000	99644	0	224924	0.000000 	 PFSize: 	 201 	 HypVol: 	 0.50250000 	 IGD: 	 0.00000000 	 GD: 	 0.00000000 	 MaxSpread: 	 2.00000000 	 DomOptimalPoints: 	 0 	00000000000000000000000000000000000000000000000000000000000000000000000000000000000000000000000000000000000000000000000000000000000000000000000000000000000000000000000000000000000000000000000000000000	0	1554765837
0.740366	1.000000	32602	0	126134	0.000000 	 PFSize: 	 201 	 HypVol: 	 0.50250000 	 IGD: 	 0.00000000 	 GD: 	 0.00000000 	 MaxSpread: 	 2.00000000 	 DomOptimalPoints: 	 0 	00000000000000000000000000000000000000000000000000000000000000000000000000000000000000000000000000000000000000000000000000000000000000000000000000000000000000000000000000000000000000000000000000000000	0	1554765842
0.817748	1.000000	85288	0	145740	0.000000 	 PFSize: 	 201 	 HypVol: 	 0.50250000 	 IGD: 	 0.00000000 	 GD: 	 0.00000000 	 MaxSpread: 	 2.00000000 	 DomOptimalPoints: 	 0 	00000000000000000000000000000000000000000000000000000000000000000000000000000000000000000000000000000000000000000000000000000000000000000000000000000000000000000000000000000000000000000000000000000000	1	1554765850
0.809381	1.000000	30428	0	59700	0.000000 	 PFSize: 	 201 	 HypVol: 	 0.50250000 	 IGD: 	 0.00000000 	 GD: 	 0.00000000 	 MaxSpread: 	 2.00000000 	 DomOptimalPoints: 	 0 	00000000000000000000000000000000000000000000000000000000000000000000000000000000000000000000000000000000000000000000000000000000000000000000000000000000000000000000000000000000000000000000000000000000	1	1554765855
0.791877	1.000000	187028	1	253648	0.000000 	 PFSize: 	 201 	 HypVol: 	 0.50250000 	 IGD: 	 0.00000000 	 GD: 	 0.00000000 	 MaxSpread: 	 2.00000000 	 DomOptimalPoints: 	 0 	00000000000000000000000000000000000000000000000000000000000000000000000000000000000000000000000000000000000000000000000000000000000000000000000000000000000000000000000000000000000000000000000000000000	1	1554765860
0.958237	1.000000	61338	1	61338	0.000000 	 PFSize: 	 201 	 HypVol: 	 0.50250000 	 IGD: 	 0.00000000 	 GD: 	 0.00000000 	 MaxSpread: 	 2.00000000 	 DomOptimalPoints: 	 0 	00000000000000000000000000000000000000000000000000000000000000000000000000000000000000000000000000000000000000000000000000000000000000000000000000000000000000000000000000000000000000000000000000000000	1	1554765865
0.871910	1.000000	186274	1	218988	0.000000 	 PFSize: 	 201 	 HypVol: 	 0.50250000 	 IGD: 	 0.00000000 	 GD: 	 0.00000000 	 MaxSpread: 	 2.00000000 	 DomOptimalPoints: 	 0 	00000000000000000000000000000000000000000000000000000000000000000000000000000000000000000000000000000000000000000000000000000000000000000000000000000000000000000000000000000000000000000000000000000000	1	1554765870
0.967985	1.000000	62756	0	128500	0.000000 	 PFSize: 	 201 	 HypVol: 	 0.50250000 	 IGD: 	 0.00000000 	 GD: 	 0.00000000 	 MaxSpread: 	 2.00000000 	 DomOptimalPoints: 	 0 	00000000000000000000000000000000000000000000000000000000000000000000000000000000000000000000000000000000000000000000000000000000000000000000000000000000000000000000000000000000000000000000000000000000	0	1554765876
0.865056	1.000000	87932	0	120078	1.000000 	 PFSize: 	 201 	 HypVol: 	 0.50250000 	 IGD: 	 0.00000000 	 GD: 	 0.00000000 	 MaxSpread: 	 2.00000000 	 DomOptimalPoints: 	 0 	11111111111111111111111111111111111111111111111111111111111111111111111111111111111111111111111111111111111111111111111111111111111111111111111111111111111111111111111111111111111111111111111111111111	0	1554765881
0.832568	1.000000	31038	0	95238	0.000000 	 PFSize: 	 201 	 HypVol: 	 0.50250000 	 IGD: 	 0.00000000 	 GD: 	 0.00000000 	 MaxSpread: 	 2.00000000 	 DomOptimalPoints: 	 0 	00000000000000000000000000000000000000000000000000000000000000000000000000000000000000000000000000000000000000000000000000000000000000000000000000000000000000000000000000000000000000000000000000000000	0	1554765889
0.754413	1.000000	30346	0	95986	0.000000 	 PFSize: 	 201 	 HypVol: 	 0.50250000 	 IGD: 	 0.00000000 	 GD: 	 0.00000000 	 MaxSpread: 	 2.00000000 	 DomOptimalPoints: 	 0 	00000000000000000000000000000000000000000000000000000000000000000000000000000000000000000000000000000000000000000000000000000000000000000000000000000000000000000000000000000000000000000000000000000000	0	1554765894
0.541435	1.000000	33336	0	62966	0.000000 	 PFSize: 	 201 	 HypVol: 	 0.50250000 	 IGD: 	 0.00000000 	 GD: 	 0.00000000 	 MaxSpread: 	 2.00000000 	 DomOptimalPoints: 	 0 	00000000000000000000000000000000000000000000000000000000000000000000000000000000000000000000000000000000000000000000000000000000000000000000000000000000000000000000000000000000000000000000000000000000	0	1554765899
0.907106	1.000000	88706	0	149310	0.000000 	 PFSize: 	 201 	 HypVol: 	 0.50250000 	 IGD: 	 0.00000000 	 GD: 	 0.00000000 	 MaxSpread: 	 2.00000000 	 DomOptimalPoints: 	 0 	00000000000000000000000000000000000000000000000000000000000000000000000000000000000000000000000000000000000000000000000000000000000000000000000000000000000000000000000000000000000000000000000000000000	0	1554765904
0.987107	1.000000	63402	0	98458	0.000000 	 PFSize: 	 201 	 HypVol: 	 0.50250000 	 IGD: 	 0.00000000 	 GD: 	 0.00000000 	 MaxSpread: 	 2.00000000 	 DomOptimalPoints: 	 0 	00000000000000000000000000000000000000000000000000000000000000000000000000000000000000000000000000000000000000000000000000000000000000000000000000000000000000000000000000000000000000000000000000000000	0	1554765909
0.974691	1.000000	212178	0	212178	0.000000 	 PFSize: 	 201 	 HypVol: 	 0.50250000 	 IGD: 	 0.00000000 	 GD: 	 0.00000000 	 MaxSpread: 	 2.00000000 	 DomOptimalPoints: 	 0 	00000000000000000000000000000000000000000000000000000000000000000000000000000000000000000000000000000000000000000000000000000000000000000000000000000000000000000000000000000000000000000000000000000000	0	1554765914
0.802743	1.000000	30782	0	63510	0.000000 	 PFSize: 	 201 	 HypVol: 	 0.50250000 	 IGD: 	 0.00000000 	 GD: 	 0.00000000 	 MaxSpread: 	 2.00000000 	 DomOptimalPoints: 	 0 	00000000000000000000000000000000000000000000000000000000000000000000000000000000000000000000000000000000000000000000000000000000000000000000000000000000000000000000000000000000000000000000000000000000	0	1554765919
0.920487	1.000000	65150	0	65150	1.000000 	 PFSize: 	 201 	 HypVol: 	 0.50250000 	 IGD: 	 0.00000000 	 GD: 	 0.00000000 	 MaxSpread: 	 2.00000000 	 DomOptimalPoints: 	 0 	11111111111111111111111111111111111111111111111111111111111111111111111111111111111111111111111111111111111111111111111111111111111111111111111111111111111111111111111111111111111111111111111111111111	0	1554765927
0.794686	1.000000	33188	0	64700	1.000000 	 PFSize: 	 201 	 HypVol: 	 0.50250000 	 IGD: 	 0.00000000 	 GD: 	 0.00000000 	 MaxSpread: 	 2.00000000 	 DomOptimalPoints: 	 0 	11111111111111111111111111111111111111111111111111111111111111111111111111111111111111111111111111111111111111111111111111111111111111111111111111111111111111111111111111111111111111111111111111111111	0	1554765932
0.779785	1.000000	32528	0	157972	0.000000 	 PFSize: 	 201 	 HypVol: 	 0.50250000 	 IGD: 	 0.00000000 	 GD: 	 0.00000000 	 MaxSpread: 	 2.00000000 	 DomOptimalPoints: 	 0 	00000000000000000000000000000000000000000000000000000000000000000000000000000000000000000000000000000000000000000000000000000000000000000000000000000000000000000000000000000000000000000000000000000000	1	1554765937
0.979952	1.000000	61974	1	155156	0.000000 	 PFSize: 	 201 	 HypVol: 	 0.50250000 	 IGD: 	 0.00000000 	 GD: 	 0.00000000 	 MaxSpread: 	 2.00000000 	 DomOptimalPoints: 	 0 	00000000000000000000000000000000000000000000000000000000000000000000000000000000000000000000000000000000000000000000000000000000000000000000000000000000000000000000000000000000000000000000000000000000	1	1554765942
0.937386	1.000000	372868	1	372868	1.000000 	 PFSize: 	 401 	 HypVol: 	 0.50125000 	 IGD: 	 0.00000000 	 GD: 	 0.00000000 	 MaxSpread: 	 2.00000000 	 DomOptimalPoints: 	 0 	1111111111111111111111111111111111111111111111111111111111111111111111111111111111111111111111111111111111111111111111111111111111111111111111111111111111111111111111111111111111111111111111111111111111111111111111111111111111111111111111111111111111111111111111111111111111111111111111111111111111111111111111111111111111111111111111111111111111111111111111111111111111111111111111111111111111111111	1	1554765947
0.756571	1.000000	134144	1	266300	0.000000 	 PFSize: 	 401 	 HypVol: 	 0.50125000 	 IGD: 	 0.00000000 	 GD: 	 0.00000000 	 MaxSpread: 	 2.00000000 	 DomOptimalPoints: 	 0 	0000000000000000000000000000000000000000000000000000000000000000000000000000000000000000000000000000000000000000000000000000000000000000000000000000000000000000000000000000000000000000000000000000000000000000000000000000000000000000000000000000000000000000000000000000000000000000000000000000000000000000000000000000000000000000000000000000000000000000000000000000000000000000000000000000000000000000	1	1554765952
0.801917	1.000000	383626	0	631820	0.000000 	 PFSize: 	 401 	 HypVol: 	 0.50125000 	 IGD: 	 0.00000000 	 GD: 	 0.00000000 	 MaxSpread: 	 2.00000000 	 DomOptimalPoints: 	 0 	0000000000000000000000000000000000000000000000000000000000000000000000000000000000000000000000000000000000000000000000000000000000000000000000000000000000000000000000000000000000000000000000000000000000000000000000000000000000000000000000000000000000000000000000000000000000000000000000000000000000000000000000000000000000000000000000000000000000000000000000000000000000000000000000000000000000000000	1	1554765958
0.892238	1.000000	238840	0	616978	0.000000 	 PFSize: 	 401 	 HypVol: 	 0.50125000 	 IGD: 	 0.00000000 	 GD: 	 0.00000000 	 MaxSpread: 	 2.00000000 	 DomOptimalPoints: 	 0 	0000000000000000000000000000000000000000000000000000000000000000000000000000000000000000000000000000000000000000000000000000000000000000000000000000000000000000000000000000000000000000000000000000000000000000000000000000000000000000000000000000000000000000000000000000000000000000000000000000000000000000000000000000000000000000000000000000000000000000000000000000000000000000000000000000000000000000	1	1554765966
0.809503	1.000000	130002	0	259806	0.000000 	 PFSize: 	 401 	 HypVol: 	 0.50125000 	 IGD: 	 0.00000000 	 GD: 	 0.00000000 	 MaxSpread: 	 2.00000000 	 DomOptimalPoints: 	 0 	0000000000000000000000000000000000000000000000000000000000000000000000000000000000000000000000000000000000000000000000000000000000000000000000000000000000000000000000000000000000000000000000000000000000000000000000000000000000000000000000000000000000000000000000000000000000000000000000000000000000000000000000000000000000000000000000000000000000000000000000000000000000000000000000000000000000000000	0	1554765971
0.907854	1.000000	239670	0	477536	1.000000 	 PFSize: 	 401 	 HypVol: 	 0.50125000 	 IGD: 	 0.00000000 	 GD: 	 0.00000000 	 MaxSpread: 	 2.00000000 	 DomOptimalPoints: 	 0 	1111111111111111111111111111111111111111111111111111111111111111111111111111111111111111111111111111111111111111111111111111111111111111111111111111111111111111111111111111111111111111111111111111111111111111111111111111111111111111111111111111111111111111111111111111111111111111111111111111111111111111111111111111111111111111111111111111111111111111111111111111111111111111111111111111111111111111	1	1554765976
0.738838	1.000000	372002	0	487192	1.000000 	 PFSize: 	 401 	 HypVol: 	 0.50125000 	 IGD: 	 0.00000000 	 GD: 	 0.00000000 	 MaxSpread: 	 2.00000000 	 DomOptimalPoints: 	 0 	1111111111111111111111111111111111111111111111111111111111111111111111111111111111111111111111111111111111111111111111111111111111111111111111111111111111111111111111111111111111111111111111111111111111111111111111111111111111111111111111111111111111111111111111111111111111111111111111111111111111111111111111111111111111111111111111111111111111111111111111111111111111111111111111111111111111111111	1	1554765981
0.792463	1.000000	126808	0	265328	0.000000 	 PFSize: 	 401 	 HypVol: 	 0.50125000 	 IGD: 	 0.00000000 	 GD: 	 0.00000000 	 MaxSpread: 	 2.00000000 	 DomOptimalPoints: 	 0 	0000000000000000000000000000000000000000000000000000000000000000000000000000000000000000000000000000000000000000000000000000000000000000000000000000000000000000000000000000000000000000000000000000000000000000000000000000000000000000000000000000000000000000000000000000000000000000000000000000000000000000000000000000000000000000000000000000000000000000000000000000000000000000000000000000000000000000	0	1554765986
0.911017	1.000000	251600	0	251600	1.000000 	 PFSize: 	 401 	 HypVol: 	 0.50125000 	 IGD: 	 0.00000000 	 GD: 	 0.00000000 	 MaxSpread: 	 2.00000000 	 DomOptimalPoints: 	 0 	1111111111111111111111111111111111111111111111111111111111111111111111111111111111111111111111111111111111111111111111111111111111111111111111111111111111111111111111111111111111111111111111111111111111111111111111111111111111111111111111111111111111111111111111111111111111111111111111111111111111111111111111111111111111111111111111111111111111111111111111111111111111111111111111111111111111111111	1	1554765991
0.822911	1.000000	127030	0	247040	1.000000 	 PFSize: 	 401 	 HypVol: 	 0.50125000 	 IGD: 	 0.00000000 	 GD: 	 0.00000000 	 MaxSpread: 	 2.00000000 	 DomOptimalPoints: 	 0 	1111111111111111111111111111111111111111111111111111111111111111111111111111111111111111111111111111111111111111111111111111111111111111111111111111111111111111111111111111111111111111111111111111111111111111111111111111111111111111111111111111111111111111111111111111111111111111111111111111111111111111111111111111111111111111111111111111111111111111111111111111111111111111111111111111111111111111	0	1554765996
0.767991	1.000000	121910	0	497116	0.000000 	 PFSize: 	 401 	 HypVol: 	 0.50125000 	 IGD: 	 0.00000000 	 GD: 	 0.00000000 	 MaxSpread: 	 2.00000000 	 DomOptimalPoints: 	 0 	0000000000000000000000000000000000000000000000000000000000000000000000000000000000000000000000000000000000000000000000000000000000000000000000000000000000000000000000000000000000000000000000000000000000000000000000000000000000000000000000000000000000000000000000000000000000000000000000000000000000000000000000000000000000000000000000000000000000000000000000000000000000000000000000000000000000000000	1	1554766004
0.646982	1.000000	246240	1	246240	1.000000 	 PFSize: 	 401 	 HypVol: 	 0.50125000 	 IGD: 	 0.00000000 	 GD: 	 0.00000000 	 MaxSpread: 	 2.00000000 	 DomOptimalPoints: 	 0 	1111111111111111111111111111111111111111111111111111111111111111111111111111111111111111111111111111111111111111111111111111111111111111111111111111111111111111111111111111111111111111111111111111111111111111111111111111111111111111111111111111111111111111111111111111111111111111111111111111111111111111111111111111111111111111111111111111111111111111111111111111111111111111111111111111111111111111	1	1554766009
0.910127	1.000000	372380	1	372380	1.000000 	 PFSize: 	 401 	 HypVol: 	 0.50125000 	 IGD: 	 0.00000000 	 GD: 	 0.00000000 	 MaxSpread: 	 2.00000000 	 DomOptimalPoints: 	 0 	1111111111111111111111111111111111111111111111111111111111111111111111111111111111111111111111111111111111111111111111111111111111111111111111111111111111111111111111111111111111111111111111111111111111111111111111111111111111111111111111111111111111111111111111111111111111111111111111111111111111111111111111111111111111111111111111111111111111111111111111111111111111111111111111111111111111111111	1	1554766014
0.982802	1.000000	1079638	2	1079638	1.000000 	 PFSize: 	 401 	 HypVol: 	 0.50125000 	 IGD: 	 0.00000000 	 GD: 	 0.00000000 	 MaxSpread: 	 2.00000000 	 DomOptimalPoints: 	 0 	1111111111111111111111111111111111111111111111111111111111111111111111111111111111111111111111111111111111111111111111111111111111111111111111111111111111111111111111111111111111111111111111111111111111111111111111111111111111111111111111111111111111111111111111111111111111111111111111111111111111111111111111111111111111111111111111111111111111111111111111111111111111111111111111111111111111111111	2	1554766019
0.944897	1.000000	483804	1	608278	1.000000 	 PFSize: 	 401 	 HypVol: 	 0.50125000 	 IGD: 	 0.00000000 	 GD: 	 0.00000000 	 MaxSpread: 	 2.00000000 	 DomOptimalPoints: 	 0 	1111111111111111111111111111111111111111111111111111111111111111111111111111111111111111111111111111111111111111111111111111111111111111111111111111111111111111111111111111111111111111111111111111111111111111111111111111111111111111111111111111111111111111111111111111111111111111111111111111111111111111111111111111111111111111111111111111111111111111111111111111111111111111111111111111111111111111	2	1554766024
0.809573	1.000000	120608	1	1069142	0.000000 	 PFSize: 	 401 	 HypVol: 	 0.50125000 	 IGD: 	 0.00000000 	 GD: 	 0.00000000 	 MaxSpread: 	 2.00000000 	 DomOptimalPoints: 	 0 	0000000000000000000000000000000000000000000000000000000000000000000000000000000000000000000000000000000000000000000000000000000000000000000000000000000000000000000000000000000000000000000000000000000000000000000000000000000000000000000000000000000000000000000000000000000000000000000000000000000000000000000000000000000000000000000000000000000000000000000000000000000000000000000000000000000000000000	2	1554766029
0.975231	1.000000	361474	1	973156	0.000000 	 PFSize: 	 401 	 HypVol: 	 0.50125000 	 IGD: 	 0.00000000 	 GD: 	 0.00000000 	 MaxSpread: 	 2.00000000 	 DomOptimalPoints: 	 0 	0000000000000000000000000000000000000000000000000000000000000000000000000000000000000000000000000000000000000000000000000000000000000000000000000000000000000000000000000000000000000000000000000000000000000000000000000000000000000000000000000000000000000000000000000000000000000000000000000000000000000000000000000000000000000000000000000000000000000000000000000000000000000000000000000000000000000000	2	1554766034
0.608940	1.000000	135826	1	253088	1.000000 	 PFSize: 	 401 	 HypVol: 	 0.50125000 	 IGD: 	 0.00000000 	 GD: 	 0.00000000 	 MaxSpread: 	 2.00000000 	 DomOptimalPoints: 	 0 	1111111111111111111111111111111111111111111111111111111111111111111111111111111111111111111111111111111111111111111111111111111111111111111111111111111111111111111111111111111111111111111111111111111111111111111111111111111111111111111111111111111111111111111111111111111111111111111111111111111111111111111111111111111111111111111111111111111111111111111111111111111111111111111111111111111111111111	1	1554766042
0.789439	1.000000	127714	1	256158	0.000000 	 PFSize: 	 401 	 HypVol: 	 0.50125000 	 IGD: 	 0.00000000 	 GD: 	 0.00000000 	 MaxSpread: 	 2.00000000 	 DomOptimalPoints: 	 0 	0000000000000000000000000000000000000000000000000000000000000000000000000000000000000000000000000000000000000000000000000000000000000000000000000000000000000000000000000000000000000000000000000000000000000000000000000000000000000000000000000000000000000000000000000000000000000000000000000000000000000000000000000000000000000000000000000000000000000000000000000000000000000000000000000000000000000000	1	1554766047
0.781862	1.000000	129400	0	384870	0.000000 	 PFSize: 	 401 	 HypVol: 	 0.50125000 	 IGD: 	 0.00000000 	 GD: 	 0.00000000 	 MaxSpread: 	 2.00000000 	 DomOptimalPoints: 	 0 	0000000000000000000000000000000000000000000000000000000000000000000000000000000000000000000000000000000000000000000000000000000000000000000000000000000000000000000000000000000000000000000000000000000000000000000000000000000000000000000000000000000000000000000000000000000000000000000000000000000000000000000000000000000000000000000000000000000000000000000000000000000000000000000000000000000000000000	0	1554766053
0.906491	1.000000	499270	0	728386	1.000000 	 PFSize: 	 401 	 HypVol: 	 0.50125000 	 IGD: 	 0.00000000 	 GD: 	 0.00000000 	 MaxSpread: 	 2.00000000 	 DomOptimalPoints: 	 0 	1111111111111111111111111111111111111111111111111111111111111111111111111111111111111111111111111111111111111111111111111111111111111111111111111111111111111111111111111111111111111111111111111111111111111111111111111111111111111111111111111111111111111111111111111111111111111111111111111111111111111111111111111111111111111111111111111111111111111111111111111111111111111111111111111111111111111111	2	1554766057
0.911150	1.000000	106620	0	354888	1.000000 	 PFSize: 	 401 	 HypVol: 	 0.50125000 	 IGD: 	 0.00000000 	 GD: 	 0.00000000 	 MaxSpread: 	 2.00000000 	 DomOptimalPoints: 	 0 	1111111111111111111111111111111111111111111111111111111111111111111111111111111111111111111111111111111111111111111111111111111111111111111111111111111111111111111111111111111111111111111111111111111111111111111111111111111111111111111111111111111111111111111111111111111111111111111111111111111111111111111111111111111111111111111111111111111111111111111111111111111111111111111111111111111111111111	0	1554766063
0.760474	1.000000	119762	0	252260	0.000000 	 PFSize: 	 401 	 HypVol: 	 0.50125000 	 IGD: 	 0.00000000 	 GD: 	 0.00000000 	 MaxSpread: 	 2.00000000 	 DomOptimalPoints: 	 0 	0000000000000000000000000000000000000000000000000000000000000000000000000000000000000000000000000000000000000000000000000000000000000000000000000000000000000000000000000000000000000000000000000000000000000000000000000000000000000000000000000000000000000000000000000000000000000000000000000000000000000000000000000000000000000000000000000000000000000000000000000000000000000000000000000000000000000000	0	1554766068
0.593699	1.000000	252984	0	252984	1.000000 	 PFSize: 	 401 	 HypVol: 	 0.50125000 	 IGD: 	 0.00000000 	 GD: 	 0.00000000 	 MaxSpread: 	 2.00000000 	 DomOptimalPoints: 	 0 	1111111111111111111111111111111111111111111111111111111111111111111111111111111111111111111111111111111111111111111111111111111111111111111111111111111111111111111111111111111111111111111111111111111111111111111111111111111111111111111111111111111111111111111111111111111111111111111111111111111111111111111111111111111111111111111111111111111111111111111111111111111111111111111111111111111111111111	0	1554766073
0.828357	1.000000	248460	0	248460	1.000000 	 PFSize: 	 401 	 HypVol: 	 0.50125000 	 IGD: 	 0.00000000 	 GD: 	 0.00000000 	 MaxSpread: 	 2.00000000 	 DomOptimalPoints: 	 0 	1111111111111111111111111111111111111111111111111111111111111111111111111111111111111111111111111111111111111111111111111111111111111111111111111111111111111111111111111111111111111111111111111111111111111111111111111111111111111111111111111111111111111111111111111111111111111111111111111111111111111111111111111111111111111111111111111111111111111111111111111111111111111111111111111111111111111111	0	1554766081
0.729093	1.000000	125194	0	635516	0.000000 	 PFSize: 	 401 	 HypVol: 	 0.50125000 	 IGD: 	 0.00000000 	 GD: 	 0.00000000 	 MaxSpread: 	 2.00000000 	 DomOptimalPoints: 	 0 	0000000000000000000000000000000000000000000000000000000000000000000000000000000000000000000000000000000000000000000000000000000000000000000000000000000000000000000000000000000000000000000000000000000000000000000000000000000000000000000000000000000000000000000000000000000000000000000000000000000000000000000000000000000000000000000000000000000000000000000000000000000000000000000000000000000000000000	1	1554766086
0.769307	1.000000	480204	1	480204	1.000000 	 PFSize: 	 401 	 HypVol: 	 0.50125000 	 IGD: 	 0.00000000 	 GD: 	 0.00000000 	 MaxSpread: 	 2.00000000 	 DomOptimalPoints: 	 0 	1111111111111111111111111111111111111111111111111111111111111111111111111111111111111111111111111111111111111111111111111111111111111111111111111111111111111111111111111111111111111111111111111111111111111111111111111111111111111111111111111111111111111111111111111111111111111111111111111111111111111111111111111111111111111111111111111111111111111111111111111111111111111111111111111111111111111111	1	1554766091
0.844051	1.000000	252000	1	252000	1.000000 	 PFSize: 	 401 	 HypVol: 	 0.50125000 	 IGD: 	 0.00000000 	 GD: 	 0.00000000 	 MaxSpread: 	 2.00000000 	 DomOptimalPoints: 	 0 	1111111111111111111111111111111111111111111111111111111111111111111111111111111111111111111111111111111111111111111111111111111111111111111111111111111111111111111111111111111111111111111111111111111111111111111111111111111111111111111111111111111111111111111111111111111111111111111111111111111111111111111111111111111111111111111111111111111111111111111111111111111111111111111111111111111111111111	1	1554766096
0.829703	1.000000	367166	1	617086	0.000000 	 PFSize: 	 401 	 HypVol: 	 0.50125000 	 IGD: 	 0.00000000 	 GD: 	 0.00000000 	 MaxSpread: 	 2.00000000 	 DomOptimalPoints: 	 0 	0000000000000000000000000000000000000000000000000000000000000000000000000000000000000000000000000000000000000000000000000000000000000000000000000000000000000000000000000000000000000000000000000000000000000000000000000000000000000000000000000000000000000000000000000000000000000000000000000000000000000000000000000000000000000000000000000000000000000000000000000000000000000000000000000000000000000000	1	1554766101
0.629045	1.000000	123914	0	256680	1.000000 	 PFSize: 	 401 	 HypVol: 	 0.50125000 	 IGD: 	 0.00000000 	 GD: 	 0.00000000 	 MaxSpread: 	 2.00000000 	 DomOptimalPoints: 	 0 	1111111111111111111111111111111111111111111111111111111111111111111111111111111111111111111111111111111111111111111111111111111111111111111111111111111111111111111111111111111111111111111111111111111111111111111111111111111111111111111111111111111111111111111111111111111111111111111111111111111111111111111111111111111111111111111111111111111111111111111111111111111111111111111111111111111111111111	1	1554766106
0.782774	1.000000	118380	0	612984	0.000000 	 PFSize: 	 401 	 HypVol: 	 0.50125000 	 IGD: 	 0.00000000 	 GD: 	 0.00000000 	 MaxSpread: 	 2.00000000 	 DomOptimalPoints: 	 0 	0000000000000000000000000000000000000000000000000000000000000000000000000000000000000000000000000000000000000000000000000000000000000000000000000000000000000000000000000000000000000000000000000000000000000000000000000000000000000000000000000000000000000000000000000000000000000000000000000000000000000000000000000000000000000000000000000000000000000000000000000000000000000000000000000000000000000000	1	1554766111
0.880915	1.000000	249532	1	372660	1.000000 	 PFSize: 	 401 	 HypVol: 	 0.50125000 	 IGD: 	 0.00000000 	 GD: 	 0.00000000 	 MaxSpread: 	 2.00000000 	 DomOptimalPoints: 	 0 	1111111111111111111111111111111111111111111111111111111111111111111111111111111111111111111111111111111111111111111111111111111111111111111111111111111111111111111111111111111111111111111111111111111111111111111111111111111111111111111111111111111111111111111111111111111111111111111111111111111111111111111111111111111111111111111111111111111111111111111111111111111111111111111111111111111111111111	1	1554766119
0.879809	1.000000	136070	1	262922	1.000000 	 PFSize: 	 401 	 HypVol: 	 0.50125000 	 IGD: 	 0.00000000 	 GD: 	 0.00000000 	 MaxSpread: 	 2.00000000 	 DomOptimalPoints: 	 0 	1111111111111111111111111111111111111111111111111111111111111111111111111111111111111111111111111111111111111111111111111111111111111111111111111111111111111111111111111111111111111111111111111111111111111111111111111111111111111111111111111111111111111111111111111111111111111111111111111111111111111111111111111111111111111111111111111111111111111111111111111111111111111111111111111111111111111111	1	1554766124
0.757644	1.000000	124348	1	252898	0.000000 	 PFSize: 	 401 	 HypVol: 	 0.50125000 	 IGD: 	 0.00000000 	 GD: 	 0.00000000 	 MaxSpread: 	 2.00000000 	 DomOptimalPoints: 	 0 	0000000000000000000000000000000000000000000000000000000000000000000000000000000000000000000000000000000000000000000000000000000000000000000000000000000000000000000000000000000000000000000000000000000000000000000000000000000000000000000000000000000000000000000000000000000000000000000000000000000000000000000000000000000000000000000000000000000000000000000000000000000000000000000000000000000000000000	1	1554766129
0.891052	1.000000	245542	1	756678	1.000000 	 PFSize: 	 401 	 HypVol: 	 0.50125000 	 IGD: 	 0.00000000 	 GD: 	 0.00000000 	 MaxSpread: 	 2.00000000 	 DomOptimalPoints: 	 0 	1111111111111111111111111111111111111111111111111111111111111111111111111111111111111111111111111111111111111111111111111111111111111111111111111111111111111111111111111111111111111111111111111111111111111111111111111111111111111111111111111111111111111111111111111111111111111111111111111111111111111111111111111111111111111111111111111111111111111111111111111111111111111111111111111111111111111111	2	1554766134
0.815316	1.000000	122806	1	500990	0.000000 	 PFSize: 	 401 	 HypVol: 	 0.50125000 	 IGD: 	 0.00000000 	 GD: 	 0.00000000 	 MaxSpread: 	 2.00000000 	 DomOptimalPoints: 	 0 	0000000000000000000000000000000000000000000000000000000000000000000000000000000000000000000000000000000000000000000000000000000000000000000000000000000000000000000000000000000000000000000000000000000000000000000000000000000000000000000000000000000000000000000000000000000000000000000000000000000000000000000000000000000000000000000000000000000000000000000000000000000000000000000000000000000000000000	1	1554766139
0.771228	1.000000	262674	1	633770	0.000000 	 PFSize: 	 401 	 HypVol: 	 0.50125000 	 IGD: 	 0.00000000 	 GD: 	 0.00000000 	 MaxSpread: 	 2.00000000 	 DomOptimalPoints: 	 0 	0000000000000000000000000000000000000000000000000000000000000000000000000000000000000000000000000000000000000000000000000000000000000000000000000000000000000000000000000000000000000000000000000000000000000000000000000000000000000000000000000000000000000000000000000000000000000000000000000000000000000000000000000000000000000000000000000000000000000000000000000000000000000000000000000000000000000000	2	1554766144
0.720625	1.000000	105950	0	358064	0.000000 	 PFSize: 	 401 	 HypVol: 	 0.50125000 	 IGD: 	 0.00000000 	 GD: 	 0.00000000 	 MaxSpread: 	 2.00000000 	 DomOptimalPoints: 	 0 	0000000000000000000000000000000000000000000000000000000000000000000000000000000000000000000000000000000000000000000000000000000000000000000000000000000000000000000000000000000000000000000000000000000000000000000000000000000000000000000000000000000000000000000000000000000000000000000000000000000000000000000000000000000000000000000000000000000000000000000000000000000000000000000000000000000000000000	0	1554766150
0.881129	1.000000	373552	0	741982	0.000000 	 PFSize: 	 401 	 HypVol: 	 0.50125000 	 IGD: 	 0.00000000 	 GD: 	 0.00000000 	 MaxSpread: 	 2.00000000 	 DomOptimalPoints: 	 0 	0000000000000000000000000000000000000000000000000000000000000000000000000000000000000000000000000000000000000000000000000000000000000000000000000000000000000000000000000000000000000000000000000000000000000000000000000000000000000000000000000000000000000000000000000000000000000000000000000000000000000000000000000000000000000000000000000000000000000000000000000000000000000000000000000000000000000000	1	1554766158
0.790738	1.000000	123172	0	378900	0.000000 	 PFSize: 	 401 	 HypVol: 	 0.50125000 	 IGD: 	 0.00000000 	 GD: 	 0.00000000 	 MaxSpread: 	 2.00000000 	 DomOptimalPoints: 	 0 	0000000000000000000000000000000000000000000000000000000000000000000000000000000000000000000000000000000000000000000000000000000000000000000000000000000000000000000000000000000000000000000000000000000000000000000000000000000000000000000000000000000000000000000000000000000000000000000000000000000000000000000000000000000000000000000000000000000000000000000000000000000000000000000000000000000000000000	1	1554766163
0.806384	1.000000	259218	0	259218	1.000000 	 PFSize: 	 401 	 HypVol: 	 0.50125000 	 IGD: 	 0.00000000 	 GD: 	 0.00000000 	 MaxSpread: 	 2.00000000 	 DomOptimalPoints: 	 0 	1111111111111111111111111111111111111111111111111111111111111111111111111111111111111111111111111111111111111111111111111111111111111111111111111111111111111111111111111111111111111111111111111111111111111111111111111111111111111111111111111111111111111111111111111111111111111111111111111111111111111111111111111111111111111111111111111111111111111111111111111111111111111111111111111111111111111111	0	1554766168
0.995887	1.000000	496442	1	631002	0.000000 	 PFSize: 	 401 	 HypVol: 	 0.50125000 	 IGD: 	 0.00000000 	 GD: 	 0.00000000 	 MaxSpread: 	 2.00000000 	 DomOptimalPoints: 	 0 	0000000000000000000000000000000000000000000000000000000000000000000000000000000000000000000000000000000000000000000000000000000000000000000000000000000000000000000000000000000000000000000000000000000000000000000000000000000000000000000000000000000000000000000000000000000000000000000000000000000000000000000000000000000000000000000000000000000000000000000000000000000000000000000000000000000000000000	1	1554766173
0.772143	1.000000	116986	0	244298	0.000000 	 PFSize: 	 401 	 HypVol: 	 0.50125000 	 IGD: 	 0.00000000 	 GD: 	 0.00000000 	 MaxSpread: 	 2.00000000 	 DomOptimalPoints: 	 0 	0000000000000000000000000000000000000000000000000000000000000000000000000000000000000000000000000000000000000000000000000000000000000000000000000000000000000000000000000000000000000000000000000000000000000000000000000000000000000000000000000000000000000000000000000000000000000000000000000000000000000000000000000000000000000000000000000000000000000000000000000000000000000000000000000000000000000000	0	1554766178
0.854915	1.000000	254052	1	254052	1.000000 	 PFSize: 	 401 	 HypVol: 	 0.50125000 	 IGD: 	 0.00000000 	 GD: 	 0.00000000 	 MaxSpread: 	 2.00000000 	 DomOptimalPoints: 	 0 	1111111111111111111111111111111111111111111111111111111111111111111111111111111111111111111111111111111111111111111111111111111111111111111111111111111111111111111111111111111111111111111111111111111111111111111111111111111111111111111111111111111111111111111111111111111111111111111111111111111111111111111111111111111111111111111111111111111111111111111111111111111111111111111111111111111111111111	1	1554766183
0.908484	1.000000	131776	0	255670	1.000000 	 PFSize: 	 401 	 HypVol: 	 0.50125000 	 IGD: 	 0.00000000 	 GD: 	 0.00000000 	 MaxSpread: 	 2.00000000 	 DomOptimalPoints: 	 0 	1111111111111111111111111111111111111111111111111111111111111111111111111111111111111111111111111111111111111111111111111111111111111111111111111111111111111111111111111111111111111111111111111111111111111111111111111111111111111111111111111111111111111111111111111111111111111111111111111111111111111111111111111111111111111111111111111111111111111111111111111111111111111111111111111111111111111111	1	1554766188
0.993732	1.000000	384364	1	623750	0.000000 	 PFSize: 	 401 	 HypVol: 	 0.50125000 	 IGD: 	 0.00000000 	 GD: 	 0.00000000 	 MaxSpread: 	 2.00000000 	 DomOptimalPoints: 	 0 	0000000000000000000000000000000000000000000000000000000000000000000000000000000000000000000000000000000000000000000000000000000000000000000000000000000000000000000000000000000000000000000000000000000000000000000000000000000000000000000000000000000000000000000000000000000000000000000000000000000000000000000000000000000000000000000000000000000000000000000000000000000000000000000000000000000000000000	1	1554766196
0.736084	1.000000	487876	1	622616	1.000000 	 PFSize: 	 401 	 HypVol: 	 0.50125000 	 IGD: 	 0.00000000 	 GD: 	 0.00000000 	 MaxSpread: 	 2.00000000 	 DomOptimalPoints: 	 0 	1111111111111111111111111111111111111111111111111111111111111111111111111111111111111111111111111111111111111111111111111111111111111111111111111111111111111111111111111111111111111111111111111111111111111111111111111111111111111111111111111111111111111111111111111111111111111111111111111111111111111111111111111111111111111111111111111111111111111111111111111111111111111111111111111111111111111111	2	1554766201
0.851860	1.000000	489116	1	866254	0.000000 	 PFSize: 	 401 	 HypVol: 	 0.50125000 	 IGD: 	 0.00000000 	 GD: 	 0.00000000 	 MaxSpread: 	 2.00000000 	 DomOptimalPoints: 	 0 	0000000000000000000000000000000000000000000000000000000000000000000000000000000000000000000000000000000000000000000000000000000000000000000000000000000000000000000000000000000000000000000000000000000000000000000000000000000000000000000000000000000000000000000000000000000000000000000000000000000000000000000000000000000000000000000000000000000000000000000000000000000000000000000000000000000000000000	2	1554766206
0.718243	1.000000	118568	1	247490	0.000000 	 PFSize: 	 401 	 HypVol: 	 0.50125000 	 IGD: 	 0.00000000 	 GD: 	 0.00000000 	 MaxSpread: 	 2.00000000 	 DomOptimalPoints: 	 0 	0000000000000000000000000000000000000000000000000000000000000000000000000000000000000000000000000000000000000000000000000000000000000000000000000000000000000000000000000000000000000000000000000000000000000000000000000000000000000000000000000000000000000000000000000000000000000000000000000000000000000000000000000000000000000000000000000000000000000000000000000000000000000000000000000000000000000000	1	1554766211
0.911265	1.000000	514428	1	514428	0.000000 	 PFSize: 	 401 	 HypVol: 	 0.50125000 	 IGD: 	 0.00000000 	 GD: 	 0.00000000 	 MaxSpread: 	 2.00000000 	 DomOptimalPoints: 	 0 	0000000000000000000000000000000000000000000000000000000000000000000000000000000000000000000000000000000000000000000000000000000000000000000000000000000000000000000000000000000000000000000000000000000000000000000000000000000000000000000000000000000000000000000000000000000000000000000000000000000000000000000000000000000000000000000000000000000000000000000000000000000000000000000000000000000000000000	1	1554766216
