0.500000	1.000000	7683	1	143856	0.160000 	 PFSize: 	 26 	 HypVol: 	 0.52000000 	 IGD: 	 0.00000000 	 GD: 	 0.00000000 	 MaxSpread: 	 2.00000000 	 DomOptimalPoints: 	 0 	1111000000000000000000000	1	1554253050
0.500000	1.000000	10927	0	38293	0.360000 	 PFSize: 	 26 	 HypVol: 	 0.52000000 	 IGD: 	 0.00000000 	 GD: 	 0.00000000 	 MaxSpread: 	 2.00000000 	 DomOptimalPoints: 	 0 	1111111110000000000000000	0	1554253056
0.500000	1.000000	3914	0	141817	0.480000 	 PFSize: 	 26 	 HypVol: 	 0.52000000 	 IGD: 	 0.00000000 	 GD: 	 0.00000000 	 MaxSpread: 	 2.00000000 	 DomOptimalPoints: 	 0 	1111111111110000000000000	1	1554253061
0.500000	1.000000	3079	0	169078	0.360000 	 PFSize: 	 26 	 HypVol: 	 0.52000000 	 IGD: 	 0.00000000 	 GD: 	 0.00000000 	 MaxSpread: 	 2.00000000 	 DomOptimalPoints: 	 0 	1111111110000000000000000	20	1554253079
0.500000	1.000000	1648	0	70665	0.360000 	 PFSize: 	 26 	 HypVol: 	 0.52000000 	 IGD: 	 0.00000000 	 GD: 	 0.00000000 	 MaxSpread: 	 2.00000000 	 DomOptimalPoints: 	 0 	1111111110000000000000000	6	1554253079
0.500000	1.000000	9782	0	71404	0.160000 	 PFSize: 	 26 	 HypVol: 	 0.52000000 	 IGD: 	 0.00000000 	 GD: 	 0.00000000 	 MaxSpread: 	 2.00000000 	 DomOptimalPoints: 	 0 	1111000000000000000000000	1	1554253089
0.500000	1.000000	8477	1	78879	0.120000 	 PFSize: 	 26 	 HypVol: 	 0.52000000 	 IGD: 	 0.00000000 	 GD: 	 0.00000000 	 MaxSpread: 	 2.00000000 	 DomOptimalPoints: 	 0 	1110000000000000000000000	3	1554253099
0.500000	1.000000	1544	1	32682	0.520000 	 PFSize: 	 26 	 HypVol: 	 0.52000000 	 IGD: 	 0.00000000 	 GD: 	 0.00000000 	 MaxSpread: 	 2.00000000 	 DomOptimalPoints: 	 0 	1111111111111000000000000	7	1554253113
0.500000	1.000000	3037	0	844697	0.480000 	 PFSize: 	 26 	 HypVol: 	 0.52000000 	 IGD: 	 0.00000000 	 GD: 	 0.00000000 	 MaxSpread: 	 2.00000000 	 DomOptimalPoints: 	 0 	1111111111110000000000000	30	1554253116
0.500000	1.000000	1428	1	136816	0.200000 	 PFSize: 	 26 	 HypVol: 	 0.52000000 	 IGD: 	 0.00000000 	 GD: 	 0.00000000 	 MaxSpread: 	 2.00000000 	 DomOptimalPoints: 	 0 	1111100000000000000000000	4	1554253121
0.500000	1.000000	8593	0	23235	0.120000 	 PFSize: 	 26 	 HypVol: 	 0.52000000 	 IGD: 	 0.00000000 	 GD: 	 0.00000000 	 MaxSpread: 	 2.00000000 	 DomOptimalPoints: 	 0 	1110000000000000000000000	0	1554253128
0.500000	1.000000	3944	1	164643	0.360000 	 PFSize: 	 26 	 HypVol: 	 0.52000000 	 IGD: 	 0.00000000 	 GD: 	 0.00000000 	 MaxSpread: 	 2.00000000 	 DomOptimalPoints: 	 0 	1111111110000000000000000	3	1554253146
0.500000	1.000000	3944	0	108649	0.360000 	 PFSize: 	 26 	 HypVol: 	 0.52000000 	 IGD: 	 0.00000000 	 GD: 	 0.00000000 	 MaxSpread: 	 2.00000000 	 DomOptimalPoints: 	 0 	1111111110000000000000000	2	1554253146
0.500000	1.000000	3134	0	132533	0.320000 	 PFSize: 	 26 	 HypVol: 	 0.52000000 	 IGD: 	 0.00000000 	 GD: 	 0.00000000 	 MaxSpread: 	 2.00000000 	 DomOptimalPoints: 	 0 	1111111100000000000000000	1	1554253149
0.500000	1.000000	10234	0	46269	0.120000 	 PFSize: 	 26 	 HypVol: 	 0.52000000 	 IGD: 	 0.00000000 	 GD: 	 0.00000000 	 MaxSpread: 	 2.00000000 	 DomOptimalPoints: 	 0 	1110000000000000000000000	0	1554253154
0.500000	1.000000	7839	0	49433	0.280000 	 PFSize: 	 26 	 HypVol: 	 0.52000000 	 IGD: 	 0.00000000 	 GD: 	 0.00000000 	 MaxSpread: 	 2.00000000 	 DomOptimalPoints: 	 0 	1111111000000000000000000	0	1554253159
0.500000	1.000000	3889	0	33723	0.440000 	 PFSize: 	 26 	 HypVol: 	 0.52000000 	 IGD: 	 0.00000000 	 GD: 	 0.00000000 	 MaxSpread: 	 2.00000000 	 DomOptimalPoints: 	 0 	1111111111100000000000000	0	1554253164
0.500000	1.000000	11031	0	48280	0.240000 	 PFSize: 	 26 	 HypVol: 	 0.52000000 	 IGD: 	 0.00000000 	 GD: 	 0.00000000 	 MaxSpread: 	 2.00000000 	 DomOptimalPoints: 	 0 	1111110000000000000000000	0	1554253172
0.500000	1.000000	19129	0	37787	0.000000 	 PFSize: 	 26 	 HypVol: 	 0.52000000 	 IGD: 	 0.00000000 	 GD: 	 0.00000000 	 MaxSpread: 	 2.00000000 	 DomOptimalPoints: 	 0 	0000000000000000000000000	0	1554253177
0.500000	1.000000	9390	0	300962	0.280000 	 PFSize: 	 26 	 HypVol: 	 0.52000000 	 IGD: 	 0.00000000 	 GD: 	 0.00000000 	 MaxSpread: 	 2.00000000 	 DomOptimalPoints: 	 0 	1111111000000000000000000	1	1554253182
0.500000	1.000000	18768	0	71785	0.160000 	 PFSize: 	 26 	 HypVol: 	 0.52000000 	 IGD: 	 0.00000000 	 GD: 	 0.00000000 	 MaxSpread: 	 2.00000000 	 DomOptimalPoints: 	 0 	1111000000000000000000000	1	1554253187
0.500000	1.000000	8302	0	47189	0.280000 	 PFSize: 	 26 	 HypVol: 	 0.52000000 	 IGD: 	 0.00000000 	 GD: 	 0.00000000 	 MaxSpread: 	 2.00000000 	 DomOptimalPoints: 	 0 	1111111000000000000000000	1	1554253192
0.500000	1.000000	2789	0	255402	0.240000 	 PFSize: 	 26 	 HypVol: 	 0.52000000 	 IGD: 	 0.00000000 	 GD: 	 0.00000000 	 MaxSpread: 	 2.00000000 	 DomOptimalPoints: 	 0 	1111110000000000000000000	1	1554253200
0.500000	1.000000	2962	1	48398	0.280000 	 PFSize: 	 26 	 HypVol: 	 0.52000000 	 IGD: 	 0.00000000 	 GD: 	 0.00000000 	 MaxSpread: 	 2.00000000 	 DomOptimalPoints: 	 0 	1111111000000000000000000	1	1554253205
0.500000	1.000000	7474	1	144740	0.080000 	 PFSize: 	 26 	 HypVol: 	 0.52000000 	 IGD: 	 0.00000000 	 GD: 	 0.00000000 	 MaxSpread: 	 2.00000000 	 DomOptimalPoints: 	 0 	1100000000000000000000000	1	1554253210
0.500000	1.000000	3317	0	47515	0.200000 	 PFSize: 	 26 	 HypVol: 	 0.52000000 	 IGD: 	 0.00000000 	 GD: 	 0.00000000 	 MaxSpread: 	 2.00000000 	 DomOptimalPoints: 	 0 	1111100000000000000000000	0	1554253216
0.500000	1.000000	2810	0	74025	0.320000 	 PFSize: 	 26 	 HypVol: 	 0.52000000 	 IGD: 	 0.00000000 	 GD: 	 0.00000000 	 MaxSpread: 	 2.00000000 	 DomOptimalPoints: 	 0 	1111111100000000000000000	0	1554253224
0.500000	1.000000	19624	0	82928	0.000000 	 PFSize: 	 26 	 HypVol: 	 0.52000000 	 IGD: 	 0.00000000 	 GD: 	 0.00000000 	 MaxSpread: 	 2.00000000 	 DomOptimalPoints: 	 0 	0000000000000000000000000	0	1554253229
0.500000	1.000000	1636	0	35451	0.440000 	 PFSize: 	 26 	 HypVol: 	 0.52000000 	 IGD: 	 0.00000000 	 GD: 	 0.00000000 	 MaxSpread: 	 2.00000000 	 DomOptimalPoints: 	 0 	1111111111100000000000000	0	1554253234
0.500000	1.000000	4356	0	71147	0.240000 	 PFSize: 	 26 	 HypVol: 	 0.52000000 	 IGD: 	 0.00000000 	 GD: 	 0.00000000 	 MaxSpread: 	 2.00000000 	 DomOptimalPoints: 	 0 	1111110000000000000000000	0	1554253239
0.500000	1.000000	1611	0	174255	0.120000 	 PFSize: 	 26 	 HypVol: 	 0.52000000 	 IGD: 	 0.00000000 	 GD: 	 0.00000000 	 MaxSpread: 	 2.00000000 	 DomOptimalPoints: 	 0 	1110000000000000000000000	0	1554253247
0.500000	1.000000	1050	0	97332	0.280000 	 PFSize: 	 26 	 HypVol: 	 0.52000000 	 IGD: 	 0.00000000 	 GD: 	 0.00000000 	 MaxSpread: 	 2.00000000 	 DomOptimalPoints: 	 0 	1111111000000000000000000	0	1554253252
0.500000	1.000000	10002	0	36068	0.000000 	 PFSize: 	 26 	 HypVol: 	 0.52000000 	 IGD: 	 0.00000000 	 GD: 	 0.00000000 	 MaxSpread: 	 2.00000000 	 DomOptimalPoints: 	 0 	0000000000000000000000000	0	1554253257
0.500000	1.000000	1548	0	73481	0.600000 	 PFSize: 	 26 	 HypVol: 	 0.52000000 	 IGD: 	 0.00000000 	 GD: 	 0.00000000 	 MaxSpread: 	 2.00000000 	 DomOptimalPoints: 	 0 	1111111111111110000000000	0	1554253262
0.500000	1.000000	4697	0	45115	0.120000 	 PFSize: 	 26 	 HypVol: 	 0.52000000 	 IGD: 	 0.00000000 	 GD: 	 0.00000000 	 MaxSpread: 	 2.00000000 	 DomOptimalPoints: 	 0 	1110000000000000000000000	0	1554253270
0.500000	1.000000	1065	0	195300	0.040000 	 PFSize: 	 26 	 HypVol: 	 0.52000000 	 IGD: 	 0.00000000 	 GD: 	 0.00000000 	 MaxSpread: 	 2.00000000 	 DomOptimalPoints: 	 0 	1000000000000000000000000	1	1554253275
0.500000	1.000000	10276	0	170252	0.160000 	 PFSize: 	 26 	 HypVol: 	 0.52000000 	 IGD: 	 0.00000000 	 GD: 	 0.00000000 	 MaxSpread: 	 2.00000000 	 DomOptimalPoints: 	 0 	1111000000000000000000000	1	1554253280
0.500000	1.000000	7745	0	385770	0.160000 	 PFSize: 	 26 	 HypVol: 	 0.52000000 	 IGD: 	 0.00000000 	 GD: 	 0.00000000 	 MaxSpread: 	 2.00000000 	 DomOptimalPoints: 	 0 	1111000000000000000000000	2	1554253285
0.500000	1.000000	3039	0	110643	0.480000 	 PFSize: 	 26 	 HypVol: 	 0.52000000 	 IGD: 	 0.00000000 	 GD: 	 0.00000000 	 MaxSpread: 	 2.00000000 	 DomOptimalPoints: 	 0 	1111111111110000000000000	1	1554253293
0.500000	1.000000	16455	0	189925	0.040000 	 PFSize: 	 26 	 HypVol: 	 0.52000000 	 IGD: 	 0.00000000 	 GD: 	 0.00000000 	 MaxSpread: 	 2.00000000 	 DomOptimalPoints: 	 0 	1000000000000000000000000	1	1554253298
0.500000	1.000000	10923	0	89032	0.000000 	 PFSize: 	 26 	 HypVol: 	 0.52000000 	 IGD: 	 0.00000000 	 GD: 	 0.00000000 	 MaxSpread: 	 2.00000000 	 DomOptimalPoints: 	 0 	0000000000000000000000000	1	1554253303
0.500000	1.000000	7893	0	153012	0.240000 	 PFSize: 	 26 	 HypVol: 	 0.52000000 	 IGD: 	 0.00000000 	 GD: 	 0.00000000 	 MaxSpread: 	 2.00000000 	 DomOptimalPoints: 	 0 	1111110000000000000000000	1	1554253308
0.500000	1.000000	8664	0	75198	0.240000 	 PFSize: 	 26 	 HypVol: 	 0.52000000 	 IGD: 	 0.00000000 	 GD: 	 0.00000000 	 MaxSpread: 	 2.00000000 	 DomOptimalPoints: 	 0 	1111110000000000000000000	1	1554253316
0.500000	1.000000	4918	1	30233	0.480000 	 PFSize: 	 26 	 HypVol: 	 0.52000000 	 IGD: 	 0.00000000 	 GD: 	 0.00000000 	 MaxSpread: 	 2.00000000 	 DomOptimalPoints: 	 0 	1111111111110000000000000	1	1554253321
0.500000	1.000000	5384	0	20712	0.240000 	 PFSize: 	 26 	 HypVol: 	 0.52000000 	 IGD: 	 0.00000000 	 GD: 	 0.00000000 	 MaxSpread: 	 2.00000000 	 DomOptimalPoints: 	 0 	1111110000000000000000000	0	1554253327
0.500000	1.000000	1652	0	54395	0.320000 	 PFSize: 	 26 	 HypVol: 	 0.52000000 	 IGD: 	 0.00000000 	 GD: 	 0.00000000 	 MaxSpread: 	 2.00000000 	 DomOptimalPoints: 	 0 	1111111100000000000000000	0	1554253332
0.500000	1.000000	3270	0	23938	0.120000 	 PFSize: 	 26 	 HypVol: 	 0.52000000 	 IGD: 	 0.00000000 	 GD: 	 0.00000000 	 MaxSpread: 	 2.00000000 	 DomOptimalPoints: 	 0 	1110000000000000000000000	0	1554253337
0.500000	1.000000	10836	0	109513	0.120000 	 PFSize: 	 26 	 HypVol: 	 0.52000000 	 IGD: 	 0.00000000 	 GD: 	 0.00000000 	 MaxSpread: 	 2.00000000 	 DomOptimalPoints: 	 0 	1110000000000000000000000	0	1554253345
0.500000	1.000000	1082	0	31982	0.080000 	 PFSize: 	 26 	 HypVol: 	 0.52000000 	 IGD: 	 0.00000000 	 GD: 	 0.00000000 	 MaxSpread: 	 2.00000000 	 DomOptimalPoints: 	 0 	1100000000000000000000000	0	1554253350
0.500000	1.000000	1631	0	57836	0.120000 	 PFSize: 	 26 	 HypVol: 	 0.52000000 	 IGD: 	 0.00000000 	 GD: 	 0.00000000 	 MaxSpread: 	 2.00000000 	 DomOptimalPoints: 	 0 	1110000000000000000000000	0	1554253355
0.500000	1.000000	36901	0	29481441	0.460000 	 PFSize: 	 50 	 HypVol: 	 0.51000000 	 IGD: 	 0.00078431 	 GD: 	 0.00000000 	 MaxSpread: 	 1.96000000 	 DomOptimalPoints: 	 0 	11111111111111111111111000000000000000000000000000	247	1554253360
0.500000	1.000000	55267	1	25648832	0.080000 	 PFSize: 	 50 	 HypVol: 	 0.51000000 	 IGD: 	 0.00078431 	 GD: 	 0.00000000 	 MaxSpread: 	 1.96000000 	 DomOptimalPoints: 	 0 	11110000000000000000000000000000000000000000000000	201	1554253365
0.500000	1.000000	14244	0	25434537	0.600000 	 PFSize: 	 50 	 HypVol: 	 0.51000000 	 IGD: 	 0.00078431 	 GD: 	 0.00000000 	 MaxSpread: 	 1.96000000 	 DomOptimalPoints: 	 0 	11111111111111111111111111111100000000000000000000	209	1554253370
0.500000	1.000000	18404	0	25146512	0.460000 	 PFSize: 	 50 	 HypVol: 	 0.51000000 	 IGD: 	 0.00078431 	 GD: 	 0.00000000 	 MaxSpread: 	 1.96000000 	 DomOptimalPoints: 	 0 	11111111111111111111111000000000000000000000000000	203	1554253378
0.500000	1.000000	45515	1	3963712	0.360000 	 PFSize: 	 51 	 HypVol: 	 0.51000000 	 IGD: 	 0.00000000 	 GD: 	 0.00000000 	 MaxSpread: 	 2.00000000 	 DomOptimalPoints: 	 0 	11111111111111111100000000000000000000000000000000	65	1554253383
0.500000	1.000000	37760	1	23343917	0.220000 	 PFSize: 	 51 	 HypVol: 	 0.51000000 	 IGD: 	 0.00000000 	 GD: 	 0.00000000 	 MaxSpread: 	 2.00000000 	 DomOptimalPoints: 	 0 	11111111111000000000000000000000000000000000000000	204	1554253388
0.500000	1.000000	52177	2	29540857	0.440000 	 PFSize: 	 48 	 HypVol: 	 0.51040000 	 IGD: 	 0.00313725 	 GD: 	 0.00000000 	 MaxSpread: 	 1.88000000 	 DomOptimalPoints: 	 0 	11111111111111111111110000000000000000000000000000	439	1554253393
0.500000	1.000000	181510	12	5784231	0.160000 	 PFSize: 	 51 	 HypVol: 	 0.51000000 	 IGD: 	 0.00000000 	 GD: 	 0.00000000 	 MaxSpread: 	 2.00000000 	 DomOptimalPoints: 	 0 	11111111000000000000000000000000000000000000000000	184	1554253399
0.500000	1.000000	36272	2	25319201	0.340000 	 PFSize: 	 50 	 HypVol: 	 0.51000000 	 IGD: 	 0.00078431 	 GD: 	 0.00000000 	 MaxSpread: 	 1.96000000 	 DomOptimalPoints: 	 0 	11111111111111111000000000000000000000000000000000	402	1554253408
0.500000	1.000000	41097	2	26159600	0.460000 	 PFSize: 	 50 	 HypVol: 	 0.51000000 	 IGD: 	 0.00078431 	 GD: 	 0.00000000 	 MaxSpread: 	 1.96000000 	 DomOptimalPoints: 	 0 	11111111111111111111111000000000000000000000000000	445	1554253413
0.500000	1.000000	39844	3	26680275	0.580000 	 PFSize: 	 49 	 HypVol: 	 0.51040000 	 IGD: 	 0.00235294 	 GD: 	 0.00000000 	 MaxSpread: 	 1.92000000 	 DomOptimalPoints: 	 0 	11111111111111111111111111111000000000000000000000	251	1554253421
0.500000	1.000000	39353	0	25514738	0.440000 	 PFSize: 	 50 	 HypVol: 	 0.51000000 	 IGD: 	 0.00078431 	 GD: 	 0.00000000 	 MaxSpread: 	 1.96000000 	 DomOptimalPoints: 	 0 	11111111111111111111110000000000000000000000000000	201	1554253455
0.500000	1.000000	74165	14	25289639	0.360000 	 PFSize: 	 48 	 HypVol: 	 0.51040000 	 IGD: 	 0.00313725 	 GD: 	 0.00000000 	 MaxSpread: 	 1.88000000 	 DomOptimalPoints: 	 0 	11111111111111111100000000000000000000000000000000	350	1554253541
0.500000	1.000000	20556	3	24578480	0.380000 	 PFSize: 	 51 	 HypVol: 	 0.51000000 	 IGD: 	 0.00000000 	 GD: 	 0.00000000 	 MaxSpread: 	 2.00000000 	 DomOptimalPoints: 	 0 	11111111111111111110000000000000000000000000000000	396	1554253554
0.500000	1.000000	32031	4	25365938	0.380000 	 PFSize: 	 50 	 HypVol: 	 0.51000000 	 IGD: 	 0.00078431 	 GD: 	 0.00000000 	 MaxSpread: 	 1.96000000 	 DomOptimalPoints: 	 0 	11111111111111111110000000000000000000000000000000	210	1554253567
0.500000	1.000000	18021	2	26315022	0.260000 	 PFSize: 	 50 	 HypVol: 	 0.51000000 	 IGD: 	 0.00078431 	 GD: 	 0.00000000 	 MaxSpread: 	 1.96000000 	 DomOptimalPoints: 	 0 	11111111111110000000000000000000000000000000000000	414	1554253581
0.500000	1.000000	35550	3	25617400	0.580000 	 PFSize: 	 50 	 HypVol: 	 0.51000000 	 IGD: 	 0.00078431 	 GD: 	 0.00000000 	 MaxSpread: 	 1.96000000 	 DomOptimalPoints: 	 0 	11111111111111111111111111111000000000000000000000	389	1554253588
0.500000	1.000000	55599	2	26378893	0.500000 	 PFSize: 	 49 	 HypVol: 	 0.51000000 	 IGD: 	 0.00156863 	 GD: 	 0.00000000 	 MaxSpread: 	 1.92000000 	 DomOptimalPoints: 	 0 	11111111111111111111111110000000000000000000000000	237	1554253593
0.500000	1.000000	34947	1	22844801	0.340000 	 PFSize: 	 51 	 HypVol: 	 0.51000000 	 IGD: 	 0.00000000 	 GD: 	 0.00000000 	 MaxSpread: 	 2.00000000 	 DomOptimalPoints: 	 0 	11111111111111111000000000000000000000000000000000	361	1554253603
0.500000	1.000000	22212	1	26881274	0.620000 	 PFSize: 	 50 	 HypVol: 	 0.51000000 	 IGD: 	 0.00078431 	 GD: 	 0.00000000 	 MaxSpread: 	 1.96000000 	 DomOptimalPoints: 	 0 	11111111111111111111111111111110000000000000000000	235	1554253611
0.500000	1.000000	18993	0	25001565	0.660000 	 PFSize: 	 49 	 HypVol: 	 0.51040000 	 IGD: 	 0.00235294 	 GD: 	 0.00000000 	 MaxSpread: 	 1.92000000 	 DomOptimalPoints: 	 0 	11111111111111111111111111111111100000000000000000	499	1554253662
0.500000	1.000000	47165	0	25405036	0.320000 	 PFSize: 	 50 	 HypVol: 	 0.51000000 	 IGD: 	 0.00078431 	 GD: 	 0.00000000 	 MaxSpread: 	 1.96000000 	 DomOptimalPoints: 	 0 	11111111111111110000000000000000000000000000000000	217	1554253676
0.500000	1.000000	37715	1	25013772	0.420000 	 PFSize: 	 50 	 HypVol: 	 0.51000000 	 IGD: 	 0.00078431 	 GD: 	 0.00000000 	 MaxSpread: 	 1.96000000 	 DomOptimalPoints: 	 0 	11111111111111111111100000000000000000000000000000	199	1554253784
0.500000	1.000000	37625	0	8086467	0.500000 	 PFSize: 	 51 	 HypVol: 	 0.51000000 	 IGD: 	 0.00000000 	 GD: 	 0.00000000 	 MaxSpread: 	 2.00000000 	 DomOptimalPoints: 	 0 	11111111111111111111111110000000000000000000000000	68	1554253812
0.500000	1.000000	76726	0	25995863	0.340000 	 PFSize: 	 48 	 HypVol: 	 0.51040000 	 IGD: 	 0.00313725 	 GD: 	 0.00000000 	 MaxSpread: 	 1.88000000 	 DomOptimalPoints: 	 0 	11111111111111111000000000000000000000000000000000	234	1554253833
0.500000	1.000000	36017	1	25047229	0.460000 	 PFSize: 	 50 	 HypVol: 	 0.51000000 	 IGD: 	 0.00078431 	 GD: 	 0.00000000 	 MaxSpread: 	 1.96000000 	 DomOptimalPoints: 	 0 	11111111111111111111111000000000000000000000000000	214	1554253839
0.500000	1.000000	103689	5	25413734	0.200000 	 PFSize: 	 48 	 HypVol: 	 0.51120000 	 IGD: 	 0.00470588 	 GD: 	 0.00000000 	 MaxSpread: 	 1.88000000 	 DomOptimalPoints: 	 0 	11111111110000000000000000000000000000000000000000	238	1554253848
0.500000	1.000000	15039	1	26961442	0.500000 	 PFSize: 	 49 	 HypVol: 	 0.51000000 	 IGD: 	 0.00156863 	 GD: 	 0.00000000 	 MaxSpread: 	 1.92000000 	 DomOptimalPoints: 	 0 	11111111111111111111111110000000000000000000000000	402	1554253859
0.500000	1.000000	34071	3	26232301	0.520000 	 PFSize: 	 50 	 HypVol: 	 0.51000000 	 IGD: 	 0.00078431 	 GD: 	 0.00000000 	 MaxSpread: 	 1.96000000 	 DomOptimalPoints: 	 0 	11111111111111111111111111000000000000000000000000	240	1554253884
0.500000	1.000000	29751	3	11273740	0.500000 	 PFSize: 	 51 	 HypVol: 	 0.51000000 	 IGD: 	 0.00000000 	 GD: 	 0.00000000 	 MaxSpread: 	 2.00000000 	 DomOptimalPoints: 	 0 	11111111111111111111111110000000000000000000000000	206	1554253893
0.500000	1.000000	58129	1	5520323	0.240000 	 PFSize: 	 51 	 HypVol: 	 0.51000000 	 IGD: 	 0.00000000 	 GD: 	 0.00000000 	 MaxSpread: 	 2.00000000 	 DomOptimalPoints: 	 0 	11111111111100000000000000000000000000000000000000	42	1554253902
0.500000	1.000000	76171	10	25829596	0.260000 	 PFSize: 	 49 	 HypVol: 	 0.51000000 	 IGD: 	 0.00156863 	 GD: 	 0.00000000 	 MaxSpread: 	 1.92000000 	 DomOptimalPoints: 	 0 	11111111111110000000000000000000000000000000000000	374	1554253950
0.500000	1.000000	16670	1	11504783	0.320000 	 PFSize: 	 51 	 HypVol: 	 0.51000000 	 IGD: 	 0.00000000 	 GD: 	 0.00000000 	 MaxSpread: 	 2.00000000 	 DomOptimalPoints: 	 0 	11111111111111110000000000000000000000000000000000	94	1554253960
0.500000	1.000000	39847	1	28894913	0.320000 	 PFSize: 	 49 	 HypVol: 	 0.51000000 	 IGD: 	 0.00156863 	 GD: 	 0.00000000 	 MaxSpread: 	 1.92000000 	 DomOptimalPoints: 	 0 	11111111111111110000000000000000000000000000000000	220	1554253970
0.500000	1.000000	15788	0	27163641	0.480000 	 PFSize: 	 50 	 HypVol: 	 0.51000000 	 IGD: 	 0.00078431 	 GD: 	 0.00000000 	 MaxSpread: 	 1.96000000 	 DomOptimalPoints: 	 0 	11111111111111111111111100000000000000000000000000	261	1554253978
0.500000	1.000000	53492	1	25449703	0.380000 	 PFSize: 	 49 	 HypVol: 	 0.51000000 	 IGD: 	 0.00156863 	 GD: 	 0.00000000 	 MaxSpread: 	 1.92000000 	 DomOptimalPoints: 	 0 	11111111111111111110000000000000000000000000000000	225	1554253990
0.500000	1.000000	31374	2	25677996	0.480000 	 PFSize: 	 49 	 HypVol: 	 0.51000000 	 IGD: 	 0.00156863 	 GD: 	 0.00000000 	 MaxSpread: 	 1.92000000 	 DomOptimalPoints: 	 0 	11111111111111111111111100000000000000000000000000	354	1554253998
0.500000	1.000000	24914	0	25020284	0.580000 	 PFSize: 	 49 	 HypVol: 	 0.51000000 	 IGD: 	 0.00156863 	 GD: 	 0.00000000 	 MaxSpread: 	 1.92000000 	 DomOptimalPoints: 	 0 	11111111111111111111111111111000000000000000000000	325	1554254055
0.500000	1.000000	49715	1	24968683	0.260000 	 PFSize: 	 51 	 HypVol: 	 0.51000000 	 IGD: 	 0.00000000 	 GD: 	 0.00000000 	 MaxSpread: 	 2.00000000 	 DomOptimalPoints: 	 0 	11111111111110000000000000000000000000000000000000	200	1554254062
0.500000	1.000000	75154	0	26066843	0.160000 	 PFSize: 	 49 	 HypVol: 	 0.51000000 	 IGD: 	 0.00156863 	 GD: 	 0.00000000 	 MaxSpread: 	 1.92000000 	 DomOptimalPoints: 	 0 	11111111000000000000000000000000000000000000000000	339	1554254072
0.500000	1.000000	37592	2	23209290	0.560000 	 PFSize: 	 51 	 HypVol: 	 0.51000000 	 IGD: 	 0.00000000 	 GD: 	 0.00000000 	 MaxSpread: 	 2.00000000 	 DomOptimalPoints: 	 0 	11111111111111111111111111110000000000000000000000	319	1554254077
0.500000	1.000000	34187	3	25764792	0.500000 	 PFSize: 	 48 	 HypVol: 	 0.51040000 	 IGD: 	 0.00313725 	 GD: 	 0.00000000 	 MaxSpread: 	 1.88000000 	 DomOptimalPoints: 	 0 	11111111111111111111111110000000000000000000000000	251	1554254088
0.500000	1.000000	54099	3	26245204	0.280000 	 PFSize: 	 50 	 HypVol: 	 0.51000000 	 IGD: 	 0.00078431 	 GD: 	 0.00000000 	 MaxSpread: 	 1.96000000 	 DomOptimalPoints: 	 0 	11111111111111000000000000000000000000000000000000	468	1554254102
0.500000	1.000000	61017	2	25133566	0.340000 	 PFSize: 	 47 	 HypVol: 	 0.51120000 	 IGD: 	 0.00549020 	 GD: 	 0.00000000 	 MaxSpread: 	 1.84000000 	 DomOptimalPoints: 	 0 	11111111111111111000000000000000000000000000000000	224	1554254126
0.500000	1.000000	64725	5	29757972	0.260000 	 PFSize: 	 50 	 HypVol: 	 0.51000000 	 IGD: 	 0.00078431 	 GD: 	 0.00000000 	 MaxSpread: 	 1.96000000 	 DomOptimalPoints: 	 0 	11111111111110000000000000000000000000000000000000	524	1554254164
0.500000	1.000000	43470	7	11324788	0.240000 	 PFSize: 	 51 	 HypVol: 	 0.51000000 	 IGD: 	 0.00000000 	 GD: 	 0.00000000 	 MaxSpread: 	 2.00000000 	 DomOptimalPoints: 	 0 	11111111111100000000000000000000000000000000000000	170	1554254191
0.500000	1.000000	39248	2	22212483	0.380000 	 PFSize: 	 51 	 HypVol: 	 0.51000000 	 IGD: 	 0.00000000 	 GD: 	 0.00000000 	 MaxSpread: 	 2.00000000 	 DomOptimalPoints: 	 0 	11111111111111111110000000000000000000000000000000	222	1554254218
0.500000	1.000000	85204	6	25274230	0.480000 	 PFSize: 	 50 	 HypVol: 	 0.51000000 	 IGD: 	 0.00078431 	 GD: 	 0.00000000 	 MaxSpread: 	 1.96000000 	 DomOptimalPoints: 	 0 	11111111111111111111111100000000000000000000000000	485	1554254242
0.500000	1.000000	117867	4	25654692	0.260000 	 PFSize: 	 49 	 HypVol: 	 0.51040000 	 IGD: 	 0.00235294 	 GD: 	 0.00000000 	 MaxSpread: 	 1.92000000 	 DomOptimalPoints: 	 0 	11111111111110000000000000000000000000000000000000	286	1554254265
0.500000	1.000000	58836	2	23460352	0.540000 	 PFSize: 	 51 	 HypVol: 	 0.51000000 	 IGD: 	 0.00000000 	 GD: 	 0.00000000 	 MaxSpread: 	 2.00000000 	 DomOptimalPoints: 	 0 	11111111111111111111111111100000000000000000000000	189	1554254270
0.500000	1.000000	929065	11	25119113	0.340000 	 PFSize: 	 89 	 HypVol: 	 0.50770000 	 IGD: 	 0.00712871 	 GD: 	 0.00000000 	 MaxSpread: 	 1.80000000 	 DomOptimalPoints: 	 0 	1111111111111111111111111111111111000000000000000000000000000000000000000000000000000000000000000000	220	1554254328
0.500000	1.000000	3184041	25	25997694	0.220000 	 PFSize: 	 92 	 HypVol: 	 0.50660000 	 IGD: 	 0.00495050 	 GD: 	 0.00000000 	 MaxSpread: 	 1.82000000 	 DomOptimalPoints: 	 0 	1111111111111111111111000000000000000000000000000000000000000000000000000000000000000000000000000000	195	1554254342
0.500000	1.000000	165417	5	26134812	0.450000 	 PFSize: 	 90 	 HypVol: 	 0.50750000 	 IGD: 	 0.00712871 	 GD: 	 0.00000000 	 MaxSpread: 	 1.78000000 	 DomOptimalPoints: 	 0 	1111111111111111111111111111111111111111111110000000000000000000000000000000000000000000000000000000	260	1554254354
0.500000	1.000000	1255997	47	25218872	0.500000 	 PFSize: 	 89 	 HypVol: 	 0.50810000 	 IGD: 	 0.00851485 	 GD: 	 0.00000000 	 MaxSpread: 	 1.76000000 	 DomOptimalPoints: 	 0 	1111111111111111111111111111111111111111111111111100000000000000000000000000000000000000000000000000	373	1554254359
0.500000	1.000000	460722	22	25272965	0.480000 	 PFSize: 	 94 	 HypVol: 	 0.50610000 	 IGD: 	 0.00356436 	 GD: 	 0.00000000 	 MaxSpread: 	 1.86000000 	 DomOptimalPoints: 	 0 	1111111111111111111111111111111111111111111111110000000000000000000000000000000000000000000000000000	257	1554254367
0.500000	1.000000	400755	8	25706403	0.520000 	 PFSize: 	 91 	 HypVol: 	 0.50740000 	 IGD: 	 0.00673267 	 GD: 	 0.00000000 	 MaxSpread: 	 1.80000000 	 DomOptimalPoints: 	 0 	1111111111111111111111111111111111111111111111111111000000000000000000000000000000000000000000000000	215	1554254382
0.500000	1.000000	414039	10	26242210	0.510000 	 PFSize: 	 88 	 HypVol: 	 0.50860000 	 IGD: 	 0.00970297 	 GD: 	 0.00000000 	 MaxSpread: 	 1.74000000 	 DomOptimalPoints: 	 0 	1111111111111111111111111111111111111111111111111110000000000000000000000000000000000000000000000000	247	1554254401
0.500000	1.000000	323452	2	26749290	0.340000 	 PFSize: 	 90 	 HypVol: 	 0.50770000 	 IGD: 	 0.00752475 	 GD: 	 0.00000000 	 MaxSpread: 	 1.78000000 	 DomOptimalPoints: 	 0 	1111111111111111111111111111111111000000000000000000000000000000000000000000000000000000000000000000	204	1554254416
0.500000	1.000000	250426	7	26034305	0.500000 	 PFSize: 	 81 	 HypVol: 	 0.51410000 	 IGD: 	 0.02198020 	 GD: 	 0.00000000 	 MaxSpread: 	 1.60000000 	 DomOptimalPoints: 	 0 	1111111111111111111111111111111111111111111111111100000000000000000000000000000000000000000000000000	241	1554254443
0.500000	1.000000	358309	7	25001313	0.520000 	 PFSize: 	 54 	 HypVol: 	 0.55790000 	 IGD: 	 0.11405941 	 GD: 	 0.00000000 	 MaxSpread: 	 1.06000000 	 DomOptimalPoints: 	 0 	1111111111111111111111111111111111111111111111111111000000000000000000000000000000000000000000000000	329	1554254464
0.500000	1.000000	181713	14	25003388	0.290000 	 PFSize: 	 89 	 HypVol: 	 0.50800000 	 IGD: 	 0.00831683 	 GD: 	 0.00000000 	 MaxSpread: 	 1.76000000 	 DomOptimalPoints: 	 0 	1111111111111111111111111111100000000000000000000000000000000000000000000000000000000000000000000000	230	1554254539
0.500000	1.000000	145252	2	26052258	0.490000 	 PFSize: 	 83 	 HypVol: 	 0.51310000 	 IGD: 	 0.01960396 	 GD: 	 0.00000000 	 MaxSpread: 	 1.64000000 	 DomOptimalPoints: 	 0 	1111111111111111111111111111111111111111111111111000000000000000000000000000000000000000000000000000	194	1554254556
0.500000	1.000000	855827	31	26185182	0.250000 	 PFSize: 	 89 	 HypVol: 	 0.50840000 	 IGD: 	 0.00910891 	 GD: 	 0.00000000 	 MaxSpread: 	 1.76000000 	 DomOptimalPoints: 	 0 	1111111111111111111111111000000000000000000000000000000000000000000000000000000000000000000000000000	327	1554254570
0.500000	1.000000	102441	13	25130603	0.410000 	 PFSize: 	 88 	 HypVol: 	 0.50860000 	 IGD: 	 0.00970297 	 GD: 	 0.00000000 	 MaxSpread: 	 1.74000000 	 DomOptimalPoints: 	 0 	1111111111111111111111111111111111111111100000000000000000000000000000000000000000000000000000000000	411	1554254580
0.500000	1.000000	171587	5	26231279	0.330000 	 PFSize: 	 88 	 HypVol: 	 0.50880000 	 IGD: 	 0.01009901 	 GD: 	 0.00000000 	 MaxSpread: 	 1.74000000 	 DomOptimalPoints: 	 0 	1111111111111111111111111111111110000000000000000000000000000000000000000000000000000000000000000000	337	1554254597
0.500000	1.000000	205931	6	25047522	0.410000 	 PFSize: 	 82 	 HypVol: 	 0.51330000 	 IGD: 	 0.02019802 	 GD: 	 0.00000000 	 MaxSpread: 	 1.62000000 	 DomOptimalPoints: 	 0 	1111111111111111111111111111111111111111100000000000000000000000000000000000000000000000000000000000	391	1554254615
0.500000	1.000000	223693	5	25080411	0.330000 	 PFSize: 	 91 	 HypVol: 	 0.50700000 	 IGD: 	 0.00594059 	 GD: 	 0.00000000 	 MaxSpread: 	 1.80000000 	 DomOptimalPoints: 	 0 	1111111111111111111111111111111110000000000000000000000000000000000000000000000000000000000000000000	235	1554254624
0.500000	1.000000	180699	5	26747987	0.530000 	 PFSize: 	 87 	 HypVol: 	 0.50930000 	 IGD: 	 0.01128713 	 GD: 	 0.00000000 	 MaxSpread: 	 1.72000000 	 DomOptimalPoints: 	 0 	1111111111111111111111111111111111111111111111111111100000000000000000000000000000000000000000000000	222	1554254632
0.500000	1.000000	418805	19	25202059	0.380000 	 PFSize: 	 93 	 HypVol: 	 0.50620000 	 IGD: 	 0.00396040 	 GD: 	 0.00000000 	 MaxSpread: 	 1.84000000 	 DomOptimalPoints: 	 0 	1111111111111111111111111111111111111100000000000000000000000000000000000000000000000000000000000000	409	1554254650
0.500000	1.000000	626505	12	25119836	0.330000 	 PFSize: 	 90 	 HypVol: 	 0.50750000 	 IGD: 	 0.00712871 	 GD: 	 0.00000000 	 MaxSpread: 	 1.78000000 	 DomOptimalPoints: 	 0 	1111111111111111111111111111111110000000000000000000000000000000000000000000000000000000000000000000	208	1554254688
0.500000	1.000000	396030	36	25055255	0.470000 	 PFSize: 	 93 	 HypVol: 	 0.50630000 	 IGD: 	 0.00415842 	 GD: 	 0.00000000 	 MaxSpread: 	 1.84000000 	 DomOptimalPoints: 	 0 	1111111111111111111111111111111111111111111111100000000000000000000000000000000000000000000000000000	446	1554254696
0.500000	1.000000	491779	16	26706458	0.440000 	 PFSize: 	 94 	 HypVol: 	 0.50590000 	 IGD: 	 0.00316832 	 GD: 	 0.00000000 	 MaxSpread: 	 1.86000000 	 DomOptimalPoints: 	 0 	1111111111111111111111111111111111111111111100000000000000000000000000000000000000000000000000000000	212	1554254733
0.500000	1.000000	707690	16	26128029	0.330000 	 PFSize: 	 90 	 HypVol: 	 0.50750000 	 IGD: 	 0.00712871 	 GD: 	 0.00000000 	 MaxSpread: 	 1.78000000 	 DomOptimalPoints: 	 0 	1111111111111111111111111111111110000000000000000000000000000000000000000000000000000000000000000000	227	1554254745
0.500000	1.000000	173675	3	26130281	0.450000 	 PFSize: 	 85 	 HypVol: 	 0.51070000 	 IGD: 	 0.01445545 	 GD: 	 0.00000000 	 MaxSpread: 	 1.68000000 	 DomOptimalPoints: 	 0 	1111111111111111111111111111111111111111111110000000000000000000000000000000000000000000000000000000	203	1554254752
0.500000	1.000000	243985	6	26697520	0.430000 	 PFSize: 	 88 	 HypVol: 	 0.50860000 	 IGD: 	 0.00970297 	 GD: 	 0.00000000 	 MaxSpread: 	 1.74000000 	 DomOptimalPoints: 	 0 	1111111111111111111111111111111111111111111000000000000000000000000000000000000000000000000000000000	253	1554254773
0.500000	1.000000	1394894	40	25860726	0.220000 	 PFSize: 	 93 	 HypVol: 	 0.50630000 	 IGD: 	 0.00415842 	 GD: 	 0.00000000 	 MaxSpread: 	 1.84000000 	 DomOptimalPoints: 	 0 	1111111111111111111111000000000000000000000000000000000000000000000000000000000000000000000000000000	241	1554254796
0.500000	1.000000	436364	61	26504718	0.550000 	 PFSize: 	 91 	 HypVol: 	 0.50700000 	 IGD: 	 0.00594059 	 GD: 	 0.00000000 	 MaxSpread: 	 1.80000000 	 DomOptimalPoints: 	 0 	1111111111111111111111111111111111111111111111111111111000000000000000000000000000000000000000000000	455	1554254859
0.500000	1.000000	140581	7	26841796	0.350000 	 PFSize: 	 94 	 HypVol: 	 0.50590000 	 IGD: 	 0.00316832 	 GD: 	 0.00000000 	 MaxSpread: 	 1.86000000 	 DomOptimalPoints: 	 0 	1111111111111111111111111111111111100000000000000000000000000000000000000000000000000000000000000000	358	1554254878
0.500000	1.000000	350435	19	25069451	0.390000 	 PFSize: 	 92 	 HypVol: 	 0.50660000 	 IGD: 	 0.00495050 	 GD: 	 0.00000000 	 MaxSpread: 	 1.82000000 	 DomOptimalPoints: 	 0 	1111111111111111111111111111111111111110000000000000000000000000000000000000000000000000000000000000	391	1554254901
0.500000	1.000000	302363	9	26218406	0.500000 	 PFSize: 	 89 	 HypVol: 	 0.50840000 	 IGD: 	 0.00910891 	 GD: 	 0.00000000 	 MaxSpread: 	 1.76000000 	 DomOptimalPoints: 	 0 	1111111111111111111111111111111111111111111111111100000000000000000000000000000000000000000000000000	245	1554254906
0.500000	1.000000	313293	7	25057413	0.510000 	 PFSize: 	 88 	 HypVol: 	 0.50860000 	 IGD: 	 0.00970297 	 GD: 	 0.00000000 	 MaxSpread: 	 1.74000000 	 DomOptimalPoints: 	 0 	1111111111111111111111111111111111111111111111111110000000000000000000000000000000000000000000000000	396	1554254936
0.500000	1.000000	373126	11	25002595	0.270000 	 PFSize: 	 92 	 HypVol: 	 0.50720000 	 IGD: 	 0.00613861 	 GD: 	 0.00000000 	 MaxSpread: 	 1.82000000 	 DomOptimalPoints: 	 0 	1111111111111111111111111110000000000000000000000000000000000000000000000000000000000000000000000000	229	1554254948
0.500000	1.000000	593522	20	25000625	0.560000 	 PFSize: 	 86 	 HypVol: 	 0.50990000 	 IGD: 	 0.01267327 	 GD: 	 0.00000000 	 MaxSpread: 	 1.70000000 	 DomOptimalPoints: 	 0 	1111111111111111111111111111111111111111111111111111111100000000000000000000000000000000000000000000	389	1554254959
0.500000	1.000000	368549	16	25727586	0.390000 	 PFSize: 	 92 	 HypVol: 	 0.50660000 	 IGD: 	 0.00495050 	 GD: 	 0.00000000 	 MaxSpread: 	 1.82000000 	 DomOptimalPoints: 	 0 	1111111111111111111111111111111111111110000000000000000000000000000000000000000000000000000000000000	230	1554254974
0.500000	1.000000	461802	11	26116301	0.230000 	 PFSize: 	 93 	 HypVol: 	 0.50780000 	 IGD: 	 0.00712871 	 GD: 	 0.00000000 	 MaxSpread: 	 1.84000000 	 DomOptimalPoints: 	 0 	1111111111111111111111100000000000000000000000000000000000000000000000000000000000000000000000000000	210	1554254995
0.500000	1.000000	932631	21	25141468	0.470000 	 PFSize: 	 94 	 HypVol: 	 0.50590000 	 IGD: 	 0.00316832 	 GD: 	 0.00000000 	 MaxSpread: 	 1.86000000 	 DomOptimalPoints: 	 0 	1111111111111111111111111111111111111111111111100000000000000000000000000000000000000000000000000000	261	1554255008
0.500000	1.000000	698759	37	26722740	0.270000 	 PFSize: 	 89 	 HypVol: 	 0.50810000 	 IGD: 	 0.00851485 	 GD: 	 0.00000000 	 MaxSpread: 	 1.76000000 	 DomOptimalPoints: 	 0 	1111111111111111111111111110000000000000000000000000000000000000000000000000000000000000000000000000	479	1554255028
0.500000	1.000000	163517	9	26460414	0.260000 	 PFSize: 	 92 	 HypVol: 	 0.50660000 	 IGD: 	 0.00495050 	 GD: 	 0.00000000 	 MaxSpread: 	 1.82000000 	 DomOptimalPoints: 	 0 	1111111111111111111111111100000000000000000000000000000000000000000000000000000000000000000000000000	264	1554255043
0.500000	1.000000	795594	12	25383710	0.350000 	 PFSize: 	 88 	 HypVol: 	 0.50860000 	 IGD: 	 0.00970297 	 GD: 	 0.00000000 	 MaxSpread: 	 1.74000000 	 DomOptimalPoints: 	 0 	1111111111111111111111111111111111100000000000000000000000000000000000000000000000000000000000000000	205	1554255064
0.500000	1.000000	185209	17	25018942	0.380000 	 PFSize: 	 85 	 HypVol: 	 0.51100000 	 IGD: 	 0.01504950 	 GD: 	 0.00000000 	 MaxSpread: 	 1.68000000 	 DomOptimalPoints: 	 0 	1111111111111111111111111111111111111100000000000000000000000000000000000000000000000000000000000000	641	1554255151
0.500000	1.000000	735721	19	25816198	0.250000 	 PFSize: 	 90 	 HypVol: 	 0.50750000 	 IGD: 	 0.00712871 	 GD: 	 0.00000000 	 MaxSpread: 	 1.78000000 	 DomOptimalPoints: 	 0 	1111111111111111111111111000000000000000000000000000000000000000000000000000000000000000000000000000	244	1554255162
0.500000	1.000000	209124	8	26531086	0.380000 	 PFSize: 	 92 	 HypVol: 	 0.50660000 	 IGD: 	 0.00495050 	 GD: 	 0.00000000 	 MaxSpread: 	 1.82000000 	 DomOptimalPoints: 	 0 	1111111111111111111111111111111111111100000000000000000000000000000000000000000000000000000000000000	228	1554255181
0.500000	1.000000	474043	16	25781374	0.410000 	 PFSize: 	 91 	 HypVol: 	 0.50670000 	 IGD: 	 0.00514851 	 GD: 	 0.00000000 	 MaxSpread: 	 1.82000000 	 DomOptimalPoints: 	 0 	1111111111111111111111111111111111111111100000000000000000000000000000000000000000000000000000000000	243	1554255206
0.500000	1.000000	191093	8	26228403	0.510000 	 PFSize: 	 86 	 HypVol: 	 0.51050000 	 IGD: 	 0.01386139 	 GD: 	 0.00000000 	 MaxSpread: 	 1.70000000 	 DomOptimalPoints: 	 0 	1111111111111111111111111111111111111111111111111110000000000000000000000000000000000000000000000000	483	1554255214
0.500000	1.000000	345147	6	25250594	0.320000 	 PFSize: 	 91 	 HypVol: 	 0.50740000 	 IGD: 	 0.00673267 	 GD: 	 0.00000000 	 MaxSpread: 	 1.80000000 	 DomOptimalPoints: 	 0 	1111111111111111111111111111111100000000000000000000000000000000000000000000000000000000000000000000	235	1554255253
0.500000	1.000000	138692	2	26176765	0.510000 	 PFSize: 	 93 	 HypVol: 	 0.50710000 	 IGD: 	 0.00574257 	 GD: 	 0.00000000 	 MaxSpread: 	 1.84000000 	 DomOptimalPoints: 	 0 	1111111111111111111111111111111111111111111111111110000000000000000000000000000000000000000000000000	213	1554255270
0.500000	1.000000	151258	7	25147475	0.530000 	 PFSize: 	 87 	 HypVol: 	 0.50930000 	 IGD: 	 0.01128713 	 GD: 	 0.00000000 	 MaxSpread: 	 1.72000000 	 DomOptimalPoints: 	 0 	1111111111111111111111111111111111111111111111111111100000000000000000000000000000000000000000000000	372	1554255278
0.500000	1.000000	871340	14	26842943	0.290000 	 PFSize: 	 88 	 HypVol: 	 0.50860000 	 IGD: 	 0.00970297 	 GD: 	 0.00000000 	 MaxSpread: 	 1.74000000 	 DomOptimalPoints: 	 0 	1111111111111111111111111111100000000000000000000000000000000000000000000000000000000000000000000000	220	1554255295
0.500000	1.000000	175067	9	26604777	0.450000 	 PFSize: 	 95 	 HypVol: 	 0.50600000 	 IGD: 	 0.00316832 	 GD: 	 0.00000000 	 MaxSpread: 	 1.88000000 	 DomOptimalPoints: 	 0 	1111111111111111111111111111111111111111111110000000000000000000000000000000000000000000000000000000	273	1554255316
0.500000	1.000000	209102	8	25002046	0.370000 	 PFSize: 	 56 	 HypVol: 	 0.55340000 	 IGD: 	 0.10475248 	 GD: 	 0.00000000 	 MaxSpread: 	 1.10000000 	 DomOptimalPoints: 	 0 	1111111111111111111111111111111111111000000000000000000000000000000000000000000000000000000000000000	330	1554255322
0.500000	1.000000	2973150	47	25040947	0.440000 	 PFSize: 	 67 	 HypVol: 	 0.61397500 	 IGD: 	 0.20925373 	 GD: 	 0.00089552 	 MaxSpread: 	 0.72000000 	 DomOptimalPoints: 	 0 	11111111111111111111111111111111111111111111111111111111111111111111111111111111111111110000000000000000000000000000000000000000000000000000000000000000000000000000000000000000000000000000000000000000	248	1554255337
0.500000	1.000000	1778734	27	41385078	0.315000 	 PFSize: 	 150 	 HypVol: 	 0.52190000 	 IGD: 	 0.01405473 	 GD: 	 0.00496667 	 MaxSpread: 	 2.00000000 	 DomOptimalPoints: 	 0 	11111111111111111111111111111111111111111111111111111111111111100000000000000000000000000000000000000000000000000000000000000000000000000000000000000000000000000000000000000000000000000000000000000000	623	1554255350
0.500000	1.000000	2715713	32	25056160	0.360000 	 PFSize: 	 185 	 HypVol: 	 0.50355000 	 IGD: 	 0.00134328 	 GD: 	 0.00010811 	 MaxSpread: 	 1.97000000 	 DomOptimalPoints: 	 0 	11111111111111111111111111111111111111111111111111111111111111111111111100000000000000000000000000000000000000000000000000000000000000000000000000000000000000000000000000000000000000000000000000000000	311	1554255410
0.500000	1.000000	695162	36	41041337	0.380000 	 PFSize: 	 160 	 HypVol: 	 0.52632500 	 IGD: 	 0.01728856 	 GD: 	 0.00462500 	 MaxSpread: 	 2.00000000 	 DomOptimalPoints: 	 0 	11111111111111111111111111111111111111111111111111111111111111111111111111110000000000000000000000000000000000000000000000000000000000000000000000000000000000000000000000000000000000000000000000000000	952	1554255426
0.500000	1.000000	1446774	18	27367231	0.425000 	 PFSize: 	 99 	 HypVol: 	 0.56432500 	 IGD: 	 0.12164179 	 GD: 	 0.00045455 	 MaxSpread: 	 1.02500000 	 DomOptimalPoints: 	 0 	11111111111111111111111111111111111111111111111111111111111111111111111111111111111110000000000000000000000000000000000000000000000000000000000000000000000000000000000000000000000000000000000000000000	265	1554255453
0.500000	1.000000	3828181	50	25012344	0.295000 	 PFSize: 	 189 	 HypVol: 	 0.50337500 	 IGD: 	 0.00104478 	 GD: 	 0.00000000 	 MaxSpread: 	 2.00000000 	 DomOptimalPoints: 	 0 	11111111111111111111111111111111111111111111111111111111111000000000000000000000000000000000000000000000000000000000000000000000000000000000000000000000000000000000000000000000000000000000000000000000	415	1554255487
0.500000	1.000000	1815798	30	25024220	0.390000 	 PFSize: 	 200 	 HypVol: 	 0.50252500 	 IGD: 	 0.00004975 	 GD: 	 0.00000000 	 MaxSpread: 	 2.00000000 	 DomOptimalPoints: 	 0 	11111111111111111111111111111111111111111111111111111111111111111111111111111100000000000000000000000000000000000000000000000000000000000000000000000000000000000000000000000000000000000000000000000000	306	1554255495
0.500000	1.000000	3322042	50	25005602	0.230000 	 PFSize: 	 178 	 HypVol: 	 0.50405000 	 IGD: 	 0.00189055 	 GD: 	 0.00000000 	 MaxSpread: 	 2.00000000 	 DomOptimalPoints: 	 0 	11111111111111111111111111111111111111111111110000000000000000000000000000000000000000000000000000000000000000000000000000000000000000000000000000000000000000000000000000000000000000000000000000000000	379	1554255517
0.500000	1.000000	1011260	35	40965452	0.265000 	 PFSize: 	 135 	 HypVol: 	 0.54130000 	 IGD: 	 0.03109453 	 GD: 	 0.00951852 	 MaxSpread: 	 2.00000000 	 DomOptimalPoints: 	 0 	11111111111111111111111111111111111111111111111111111000000000000000000000000000000000000000000000000000000000000000000000000000000000000000000000000000000000000000000000000000000000000000000000000000	775	1554255522
0.500000	1.000000	2019337	91	26748532	0.425000 	 PFSize: 	 75 	 HypVol: 	 0.60015000 	 IGD: 	 0.20059701 	 GD: 	 0.00000000 	 MaxSpread: 	 0.74000000 	 DomOptimalPoints: 	 0 	11111111111111111111111111111111111111111111111111111111111111111111111111111111111110000000000000000000000000000000000000000000000000000000000000000000000000000000000000000000000000000000000000000000	353	1554255588
0.500000	1.000000	5421472	115	25781569	0.480000 	 PFSize: 	 113 	 HypVol: 	 0.55725000 	 IGD: 	 0.11308458 	 GD: 	 0.00000000 	 MaxSpread: 	 1.15000000 	 DomOptimalPoints: 	 0 	11111111111111111111111111111111111111111111111111111111111111111111111111111111111111111111111100000000000000000000000000000000000000000000000000000000000000000000000000000000000000000000000000000000	503	1554255597
0.500000	1.000000	1568814	26	41420931	0.370000 	 PFSize: 	 143 	 HypVol: 	 0.52957500 	 IGD: 	 0.02161692 	 GD: 	 0.00241259 	 MaxSpread: 	 2.00000000 	 DomOptimalPoints: 	 0 	11111111111111111111111111111111111111111111111111111111111111111111111111000000000000000000000000000000000000000000000000000000000000000000000000000000000000000000000000000000000000000000000000000000	799	1554255651
0.500000	1.000000	1944447	51	42414065	0.300000 	 PFSize: 	 181 	 HypVol: 	 0.50532500 	 IGD: 	 0.00308458 	 GD: 	 0.00000000 	 MaxSpread: 	 2.00000000 	 DomOptimalPoints: 	 0 	11111111111111111111111111111111111111111111111111111111111100000000000000000000000000000000000000000000000000000000000000000000000000000000000000000000000000000000000000000000000000000000000000000000	1079	1554255660
0.500000	1.000000	1478490	35	12498876	0.430000 	 PFSize: 	 201 	 HypVol: 	 0.50250000 	 IGD: 	 0.00000000 	 GD: 	 0.00000000 	 MaxSpread: 	 2.00000000 	 DomOptimalPoints: 	 0 	11111111111111111111111111111111111111111111111111111111111111111111111111111111111111000000000000000000000000000000000000000000000000000000000000000000000000000000000000000000000000000000000000000000	266	1554255699
0.500000	1.000000	2384973	50	25009471	0.250000 	 PFSize: 	 161 	 HypVol: 	 0.50860000 	 IGD: 	 0.00592040 	 GD: 	 0.00052795 	 MaxSpread: 	 2.00000000 	 DomOptimalPoints: 	 0 	11111111111111111111111111111111111111111111111111000000000000000000000000000000000000000000000000000000000000000000000000000000000000000000000000000000000000000000000000000000000000000000000000000000	731	1554255721
0.500000	1.000000	2218202	42	25002926	0.280000 	 PFSize: 	 170 	 HypVol: 	 0.50950000 	 IGD: 	 0.00519900 	 GD: 	 0.00108824 	 MaxSpread: 	 2.00000000 	 DomOptimalPoints: 	 0 	11111111111111111111111111111111111111111111111111111111000000000000000000000000000000000000000000000000000000000000000000000000000000000000000000000000000000000000000000000000000000000000000000000000	663	1554255729
0.500000	1.000000	1090998	14	40984805	0.310000 	 PFSize: 	 145 	 HypVol: 	 0.52962500 	 IGD: 	 0.01855721 	 GD: 	 0.00310345 	 MaxSpread: 	 2.00000000 	 DomOptimalPoints: 	 0 	11111111111111111111111111111111111111111111111111111111111111000000000000000000000000000000000000000000000000000000000000000000000000000000000000000000000000000000000000000000000000000000000000000000	592	1554255796
0.500000	1.000000	2082501	61	25367352	0.420000 	 PFSize: 	 73 	 HypVol: 	 0.60230000 	 IGD: 	 0.19368159 	 GD: 	 0.00061644 	 MaxSpread: 	 0.76500000 	 DomOptimalPoints: 	 0 	11111111111111111111111111111111111111111111111111111111111111111111111111111111111100000000000000000000000000000000000000000000000000000000000000000000000000000000000000000000000000000000000000000000	294	1554255804
0.500000	1.000000	4151219	171	25022632	0.180000 	 PFSize: 	 184 	 HypVol: 	 0.50365000 	 IGD: 	 0.00126866 	 GD: 	 0.00027174 	 MaxSpread: 	 2.00000000 	 DomOptimalPoints: 	 0 	11111111111111111111111111111111111100000000000000000000000000000000000000000000000000000000000000000000000000000000000000000000000000000000000000000000000000000000000000000000000000000000000000000000	697	1554255898
0.500000	1.000000	762310	19	13467281	0.375000 	 PFSize: 	 201 	 HypVol: 	 0.50250000 	 IGD: 	 0.00000000 	 GD: 	 0.00000000 	 MaxSpread: 	 2.00000000 	 DomOptimalPoints: 	 0 	11111111111111111111111111111111111111111111111111111111111111111111111111100000000000000000000000000000000000000000000000000000000000000000000000000000000000000000000000000000000000000000000000000000	312	1554255907
0.500000	1.000000	604093	10	13834430	0.535000 	 PFSize: 	 201 	 HypVol: 	 0.50250000 	 IGD: 	 0.00000000 	 GD: 	 0.00000000 	 MaxSpread: 	 2.00000000 	 DomOptimalPoints: 	 0 	11111111111111111111111111111111111111111111111111111111111111111111111111111111111111111111111111111111111000000000000000000000000000000000000000000000000000000000000000000000000000000000000000000000	226	1554255945
0.500000	1.000000	1294455	14	25009782	0.415000 	 PFSize: 	 199 	 HypVol: 	 0.50262500 	 IGD: 	 0.00014925 	 GD: 	 0.00005025 	 MaxSpread: 	 2.00000000 	 DomOptimalPoints: 	 0 	11111111111111111111111111111111111111111111111111111111111111111111111111111111111000000000000000000000000000000000000000000000000000000000000000000000000000000000000000000000000000000000000000000000	335	1554255969
0.500000	1.000000	2231406	29	25024726	0.380000 	 PFSize: 	 182 	 HypVol: 	 0.50457500 	 IGD: 	 0.00191542 	 GD: 	 0.00057692 	 MaxSpread: 	 2.00000000 	 DomOptimalPoints: 	 0 	11111111111111111111111111111111111111111111111111111111111111111111111111110000000000000000000000000000000000000000000000000000000000000000000000000000000000000000000000000000000000000000000000000000	420	1554255978
0.500000	1.000000	1475146	18	24350525	0.390000 	 PFSize: 	 201 	 HypVol: 	 0.50250000 	 IGD: 	 0.00000000 	 GD: 	 0.00000000 	 MaxSpread: 	 2.00000000 	 DomOptimalPoints: 	 0 	11111111111111111111111111111111111111111111111111111111111111111111111111111100000000000000000000000000000000000000000000000000000000000000000000000000000000000000000000000000000000000000000000000000	421	1554256100
0.500000	1.000000	1779832	48	40921490	0.250000 	 PFSize: 	 126 	 HypVol: 	 0.55957500 	 IGD: 	 0.04447761 	 GD: 	 0.01777778 	 MaxSpread: 	 2.00000000 	 DomOptimalPoints: 	 0 	11111111111111111111111111111111111111111111111111000000000000000000000000000000000000000000000000000000000000000000000000000000000000000000000000000000000000000000000000000000000000000000000000000000	679	1554256110
0.500000	1.000000	960744	24	41013295	0.420000 	 PFSize: 	 196 	 HypVol: 	 0.50265000 	 IGD: 	 0.00024876 	 GD: 	 0.00000000 	 MaxSpread: 	 2.00000000 	 DomOptimalPoints: 	 0 	11111111111111111111111111111111111111111111111111111111111111111111111111111111111100000000000000000000000000000000000000000000000000000000000000000000000000000000000000000000000000000000000000000000	1250	1554256177
0.500000	1.000000	697379	24	40984081	0.400000 	 PFSize: 	 167 	 HypVol: 	 0.51167500 	 IGD: 	 0.00731343 	 GD: 	 0.00026946 	 MaxSpread: 	 2.00000000 	 DomOptimalPoints: 	 0 	11111111111111111111111111111111111111111111111111111111111111111111111111111111000000000000000000000000000000000000000000000000000000000000000000000000000000000000000000000000000000000000000000000000	908	1554256223
0.500000	1.000000	1312993	56	25011314	0.385000 	 PFSize: 	 194 	 HypVol: 	 0.50277500 	 IGD: 	 0.00039801 	 GD: 	 0.00005155 	 MaxSpread: 	 2.00000000 	 DomOptimalPoints: 	 0 	11111111111111111111111111111111111111111111111111111111111111111111111111111000000000000000000000000000000000000000000000000000000000000000000000000000000000000000000000000000000000000000000000000000	933	1554256345
0.500000	1.000000	1072444	55	42209540	0.420000 	 PFSize: 	 194 	 HypVol: 	 0.50295000 	 IGD: 	 0.00054726 	 GD: 	 0.00000000 	 MaxSpread: 	 2.00000000 	 DomOptimalPoints: 	 0 	11111111111111111111111111111111111111111111111111111111111111111111111111111111111100000000000000000000000000000000000000000000000000000000000000000000000000000000000000000000000000000000000000000000	959	1554256337
0.500000	1.000000	2196409	49	25002941	0.340000 	 PFSize: 	 173 	 HypVol: 	 0.50630000 	 IGD: 	 0.00417910 	 GD: 	 0.00000000 	 MaxSpread: 	 2.00000000 	 DomOptimalPoints: 	 0 	11111111111111111111111111111111111111111111111111111111111111111111000000000000000000000000000000000000000000000000000000000000000000000000000000000000000000000000000000000000000000000000000000000000	917	1554256383
0.500000	1.000000	1957715	37	42542256	0.380000 	 PFSize: 	 183 	 HypVol: 	 0.50397500 	 IGD: 	 0.00166667 	 GD: 	 0.00019126 	 MaxSpread: 	 2.00000000 	 DomOptimalPoints: 	 0 	11111111111111111111111111111111111111111111111111111111111111111111111111110000000000000000000000000000000000000000000000000000000000000000000000000000000000000000000000000000000000000000000000000000	795	1554256391
0.500000	1.000000	940020	23	25060949	0.485000 	 PFSize: 	 190 	 HypVol: 	 0.50312500 	 IGD: 	 0.00174129 	 GD: 	 0.00000000 	 MaxSpread: 	 1.90000000 	 DomOptimalPoints: 	 0 	11111111111111111111111111111111111111111111111111111111111111111111111111111111111111111111111110000000000000000000000000000000000000000000000000000000000000000000000000000000000000000000000000000000	617	1554256399
0.500000	1.000000	905345	17	40719476	0.320000 	 PFSize: 	 149 	 HypVol: 	 0.52495000 	 IGD: 	 0.01674129 	 GD: 	 0.00543624 	 MaxSpread: 	 2.00000000 	 DomOptimalPoints: 	 0 	11111111111111111111111111111111111111111111111111111111111111110000000000000000000000000000000000000000000000000000000000000000000000000000000000000000000000000000000000000000000000000000000000000000	774	1554256408
0.500000	1.000000	1132212	14	40937154	0.360000 	 PFSize: 	 184 	 HypVol: 	 0.50370000 	 IGD: 	 0.00124378 	 GD: 	 0.00005435 	 MaxSpread: 	 2.00000000 	 DomOptimalPoints: 	 0 	11111111111111111111111111111111111111111111111111111111111111111111111100000000000000000000000000000000000000000000000000000000000000000000000000000000000000000000000000000000000000000000000000000000	664	1554256452
0.500000	1.000000	699433	17	41062733	0.405000 	 PFSize: 	 155 	 HypVol: 	 0.51450000 	 IGD: 	 0.01104478 	 GD: 	 0.00116129 	 MaxSpread: 	 2.00000000 	 DomOptimalPoints: 	 0 	11111111111111111111111111111111111111111111111111111111111111111111111111111111100000000000000000000000000000000000000000000000000000000000000000000000000000000000000000000000000000000000000000000000	940	1554256460
0.500000	1.000000	1108167	16	40902779	0.280000 	 PFSize: 	 137 	 HypVol: 	 0.52010000 	 IGD: 	 0.01365672 	 GD: 	 0.00427007 	 MaxSpread: 	 2.00000000 	 DomOptimalPoints: 	 0 	11111111111111111111111111111111111111111111111111111111000000000000000000000000000000000000000000000000000000000000000000000000000000000000000000000000000000000000000000000000000000000000000000000000	739	1554256523
0.500000	1.000000	1968167	23	25016577	0.245000 	 PFSize: 	 191 	 HypVol: 	 0.50300000 	 IGD: 	 0.00059701 	 GD: 	 0.00005236 	 MaxSpread: 	 2.00000000 	 DomOptimalPoints: 	 0 	11111111111111111111111111111111111111111111111110000000000000000000000000000000000000000000000000000000000000000000000000000000000000000000000000000000000000000000000000000000000000000000000000000000	754	1554256596
0.500000	1.000000	942198	19	40832745	0.360000 	 PFSize: 	 163 	 HypVol: 	 0.51605000 	 IGD: 	 0.01012438 	 GD: 	 0.00300613 	 MaxSpread: 	 2.00000000 	 DomOptimalPoints: 	 0 	11111111111111111111111111111111111111111111111111111111111111111111111100000000000000000000000000000000000000000000000000000000000000000000000000000000000000000000000000000000000000000000000000000000	711	1554256749
0.500000	1.000000	1455327	30	25321125	0.310000 	 PFSize: 	 93 	 HypVol: 	 0.57067500 	 IGD: 	 0.12960199 	 GD: 	 0.00075269 	 MaxSpread: 	 1.00000000 	 DomOptimalPoints: 	 0 	11111111111111111111111111111111111111111111111111111111111111000000000000000000000000000000000000000000000000000000000000000000000000000000000000000000000000000000000000000000000000000000000000000000	267	1554256791
0.500000	1.000000	1200972	23	40955833	0.365000 	 PFSize: 	 160 	 HypVol: 	 0.52060000 	 IGD: 	 0.01480100 	 GD: 	 0.00143750 	 MaxSpread: 	 2.00000000 	 DomOptimalPoints: 	 0 	11111111111111111111111111111111111111111111111111111111111111111111111110000000000000000000000000000000000000000000000000000000000000000000000000000000000000000000000000000000000000000000000000000000	804	1554257020
0.500000	1.000000	1802866	41	42810453	0.345000 	 PFSize: 	 191 	 HypVol: 	 0.50355000 	 IGD: 	 0.00106965 	 GD: 	 0.00044503 	 MaxSpread: 	 2.00000000 	 DomOptimalPoints: 	 0 	11111111111111111111111111111111111111111111111111111111111111111111100000000000000000000000000000000000000000000000000000000000000000000000000000000000000000000000000000000000000000000000000000000000	765	1554257060
0.500000	1.000000	2111208	31	25000443	0.275000 	 PFSize: 	 164 	 HypVol: 	 0.51077500 	 IGD: 	 0.00676617 	 GD: 	 0.00115854 	 MaxSpread: 	 2.00000000 	 DomOptimalPoints: 	 0 	11111111111111111111111111111111111111111111111111111110000000000000000000000000000000000000000000000000000000000000000000000000000000000000000000000000000000000000000000000000000000000000000000000000	479	1554257131
0.500000	1.000000	2186260	39	25015684	0.390000 	 PFSize: 	 195 	 HypVol: 	 0.50267500 	 IGD: 	 0.00029851 	 GD: 	 0.00000000 	 MaxSpread: 	 2.00000000 	 DomOptimalPoints: 	 0 	11111111111111111111111111111111111111111111111111111111111111111111111111111100000000000000000000000000000000000000000000000000000000000000000000000000000000000000000000000000000000000000000000000000	537	1554257141
0.500000	1.000000	957732	19	42143954	0.315000 	 PFSize: 	 171 	 HypVol: 	 0.50567500 	 IGD: 	 0.00353234 	 GD: 	 0.00038012 	 MaxSpread: 	 2.00000000 	 DomOptimalPoints: 	 0 	11111111111111111111111111111111111111111111111111111111111111100000000000000000000000000000000000000000000000000000000000000000000000000000000000000000000000000000000000000000000000000000000000000000	680	1554257187
0.500000	1.000000	2013567	24	25004278	0.325000 	 PFSize: 	 180 	 HypVol: 	 0.50825000 	 IGD: 	 0.00549751 	 GD: 	 0.00144444 	 MaxSpread: 	 2.00000000 	 DomOptimalPoints: 	 0 	11111111111111111111111111111111111111111111111111111111111111111000000000000000000000000000000000000000000000000000000000000000000000000000000000000000000000000000000000000000000000000000000000000000	493	1554257195
0.500000	1.000000	743026	34	25015220	0.470000 	 PFSize: 	 198 	 HypVol: 	 0.50257500 	 IGD: 	 0.00014925 	 GD: 	 0.00000000 	 MaxSpread: 	 2.00000000 	 DomOptimalPoints: 	 0 	11111111111111111111111111111111111111111111111111111111111111111111111111111111111111111111110000000000000000000000000000000000000000000000000000000000000000000000000000000000000000000000000000000000	1520	1554257268
0.500000	1.000000	2039809	49	41117823	0.060000 	 PFSize: 	 82 	 HypVol: 	 0.62727500 	 IGD: 	 0.08166667 	 GD: 	 0.03292683 	 MaxSpread: 	 2.00000000 	 DomOptimalPoints: 	 0 	11111111111100000000000000000000000000000000000000000000000000000000000000000000000000000000000000000000000000000000000000000000000000000000000000000000000000000000000000000000000000000000000000000000	778	1554257283
0.500000	1.000000	2098362	83	25003771	0.325000 	 PFSize: 	 196 	 HypVol: 	 0.50270000 	 IGD: 	 0.00029851 	 GD: 	 0.00005102 	 MaxSpread: 	 2.00000000 	 DomOptimalPoints: 	 0 	11111111111111111111111111111111111111111111111111111111111111111000000000000000000000000000000000000000000000000000000000000000000000000000000000000000000000000000000000000000000000000000000000000000	1909	1554257298
0.500000	1.000000	1455047	25	26540779	0.485000 	 PFSize: 	 88 	 HypVol: 	 0.57962500 	 IGD: 	 0.15905473 	 GD: 	 0.00000000 	 MaxSpread: 	 0.88000000 	 DomOptimalPoints: 	 0 	11111111111111111111111111111111111111111111111111111111111111111111111111111111111111111111111110000000000000000000000000000000000000000000000000000000000000000000000000000000000000000000000000000000	695	1554257307
0.500000	1.000000	686311	22	25003425	0.505000 	 PFSize: 	 163 	 HypVol: 	 0.51195000 	 IGD: 	 0.02069652 	 GD: 	 0.00000000 	 MaxSpread: 	 1.62000000 	 DomOptimalPoints: 	 0 	11111111111111111111111111111111111111111111111111111111111111111111111111111111111111111111111111111000000000000000000000000000000000000000000000000000000000000000000000000000000000000000000000000000	320	1554257364
0.403750	1.000000	26649397	361	26649397	0.440000 	 PFSize: 	 15 	 HypVol: 	 0.75681250 	 IGD: 	 0.36116584 	 GD: 	 0.16300000 	 MaxSpread: 	 0.40000000 	 DomOptimalPoints: 	 0 	1111111111111111111111111111111111111111111111111111111111111111111111111111111111111111111111111111111111111111111111111111111110111101000101011111111011001011010011010010100001110010101011111011110011111100000000000000000000000000000000000000000000000000000000000000000000000000000000000000000000000000000000000000000000000000000000000000000000000000000000000000000000000000000000000000000000000000	361	1554257428
0.480000	1.000000	27556241	339	27556241	0.447500 	 PFSize: 	 6 	 HypVol: 	 0.74075000 	 IGD: 	 0.44382793 	 GD: 	 0.03208333 	 MaxSpread: 	 0.12500000 	 DomOptimalPoints: 	 0 	1111111111111111111111111111111111111111111111111111111111111111111111111111111111111111111111111111111111111111111111111111111111111111111111111111111111111111111111111111010111001100000100000000000000000000000000000000000000000000000000000000000000000000000000000000000000000000000000000000000000000000000000000000000000000000000000000000000000000000000000000000000000000000000000000000000000000000	339	1554257452
0.500000	1.000000	15509014	238	26975885	0.445000 	 PFSize: 	 52 	 HypVol: 	 0.69073750 	 IGD: 	 0.38238155 	 GD: 	 0.00000000 	 MaxSpread: 	 0.25500000 	 DomOptimalPoints: 	 0 	1111111111111111111111111111111111111111111111111111111111111111111111111111111111111111111111111111111111111111111111111111111111111111111111111111111111111111111111111111111111000000000000000000000000000000000000000000000000000000000000000000000000000000000000000000000000000000000000000000000000000000000000000000000000000000000000000000000000000000000000000000000000000000000000000000000000000000	403	1554257465
0.217500	1.000000	27347837	540	27347837	0.510000 	 PFSize: 	 1 	 HypVol: 	 0.95320000 	 IGD: 	 0.66147132 	 GD: 	 0.56500000 	 MaxSpread: 	 0.00000000 	 DomOptimalPoints: 	 0 	1111111111111111111111111111111111111111111111111111111111111111111111111111111111111111111111110000000000011110001111011101110001010001111010111101111010101100100000101111100111100100100110011010011101000101100111010001010000101111111000000101000000010101101100010000011101010111101110100010010110101000100000101001001111000000000000000000000000000000000000000000000000000000000000000000000000000000	540	1554257615
0.500000	1.000000	26466228	564	26466228	0.400000 	 PFSize: 	 43 	 HypVol: 	 0.70141875 	 IGD: 	 0.40379052 	 GD: 	 0.00000000 	 MaxSpread: 	 0.21500000 	 DomOptimalPoints: 	 0 	1111111111111111111111111111111111111111111111111111111111111111111111111111111111111111111111111111111111111111111111111111111111111111111111111111111111111111000000000000000000000000000000000000000000000000000000000000000000000000000000000000000000000000000000000000000000000000000000000000000000000000000000000000000000000000000000000000000000000000000000000000000000000000000000000000000000000000	564	1554257688
0.483750	1.000000	19186609	515	25944822	0.407500 	 PFSize: 	 14 	 HypVol: 	 0.69487500 	 IGD: 	 0.33637157 	 GD: 	 0.02946429 	 MaxSpread: 	 0.39500000 	 DomOptimalPoints: 	 0 	1111111111111111111111111111111111111111111111111111111111111111111111111111111111111111111111111111111111111111111111111111111111111111111111111111111111101111001011010000000000000000000000000000000000000000000000000000000000000000000000000000000000000000000000000000000000000000000000000000000000000000000000000000000000000000000000000000000000000000000000000000000000000000000000000000000000000000	596	1554257694
0.461250	1.000000	27469120	375	27469120	0.407500 	 PFSize: 	 4 	 HypVol: 	 0.74527500 	 IGD: 	 0.45005611 	 GD: 	 0.06187500 	 MaxSpread: 	 0.13250000 	 DomOptimalPoints: 	 0 	1111111111111111111111111111111111111111111111111111111111111111111111111111111111111111111111111111111111111111111111111111111111111111111111111100110101001111010010101011010110000000000000000000000000000000000000000000000000000000000000000000000000000000000000000000000000000000000000000000000000000000000000000000000000000000000000000000000000000000000000000000000000000000000000000000000000000000	375	1554257700
0.355000	1.000000	20901564	320	30342800	0.497500 	 PFSize: 	 10 	 HypVol: 	 0.84180000 	 IGD: 	 0.42480673 	 GD: 	 0.35650000 	 MaxSpread: 	 0.42750000 	 DomOptimalPoints: 	 0 	1111111111111111111111111111111111111111111111111111111111111111111111111111111111111111111111111111111111111111111111111111111111111111111111010010001000001001111010011001010000100110001010110010101011101111111001101001101000100101010010111101001011011101010000000000000000000000000000000000000000000000000000000000000000000000000000000000000000000000000000000000000000000000000000000000000000000000	418	1554257793
0.351250	1.000000	27229036	423	27229036	0.497500 	 PFSize: 	 1 	 HypVol: 	 0.87670000 	 IGD: 	 0.54554239 	 GD: 	 0.29750000 	 MaxSpread: 	 0.00000000 	 DomOptimalPoints: 	 0 	1111111111111111111111111111111111111111111111111111111111111111111111111111111111111111111111111111111111111111111111111111111111111111101110011100011011101010110011011001001101110111101010000001110011111000010011010000100011010100010001111111100001101011000000000000000000000000000000000000000000000000000000000000000000000000000000000000000000000000000000000000000000000000000000000000000000000000	423	1554257820
0.382500	1.000000	21335539	1083	28181915	0.510000 	 PFSize: 	 5 	 HypVol: 	 0.84324375 	 IGD: 	 0.46221945 	 GD: 	 0.28850000 	 MaxSpread: 	 0.20750000 	 DomOptimalPoints: 	 0 	1111111111111111111111111111111111111111111111111111111111111111111111111111111111111111111111111111111111111111111111111111111111111111111111111111111111111110010111111010000001111100010101000100100010111010100101100100001001011110000001110101001101111000000000000000000000000000000000000000000000000000000000000000000000000000000000000000000000000000000000000000000000000000000000000000000000000000	1206	1554257826
0.500000	1.000000	29481800	658	29481800	0.315000 	 PFSize: 	 28 	 HypVol: 	 0.63111875 	 IGD: 	 0.21172070 	 GD: 	 0.04910714 	 MaxSpread: 	 0.79500000 	 DomOptimalPoints: 	 0 	1111111111111111111111111111111111111111111111111111111111111111111111111111111111111111111111111111111111111111111111111111110000000000000000000000000000000000000000000000000000000000000000000000000000000000000000000000000000000000000000000000000000000000000000000000000000000000000000000000000000000000000000000000000000000000000000000000000000000000000000000000000000000000000000000000000000000000	658	1554257836
0.472500	1.000000	27175321	456	27175321	0.462500 	 PFSize: 	 13 	 HypVol: 	 0.72933750 	 IGD: 	 0.39605985 	 GD: 	 0.04711538 	 MaxSpread: 	 0.24000000 	 DomOptimalPoints: 	 0 	1111111111111111111111111111111111111111111111111111111111111111111111111111111111111111111111111111111111111111111111111111111111111111111111111111111111111111111111111111111000000011100001101111100000000000000000000000000000000000000000000000000000000000000000000000000000000000000000000000000000000000000000000000000000000000000000000000000000000000000000000000000000000000000000000000000000000000	456	1554257871
0.500000	1.000000	8493910	483	25001792	0.385000 	 PFSize: 	 172 	 HypVol: 	 0.55298750 	 IGD: 	 0.09374688 	 GD: 	 0.00311047 	 MaxSpread: 	 1.17500000 	 DomOptimalPoints: 	 0 	1111111111111111111111111111111111111111111111111111111111111111111111111111111111111111111111111111111111111111111111111111111111111111111111111111111111000000000000000000000000000000000000000000000000000000000000000000000000000000000000000000000000000000000000000000000000000000000000000000000000000000000000000000000000000000000000000000000000000000000000000000000000000000000000000000000000000000	1850	1554257877
0.496250	1.000000	27070112	725	27070112	0.455000 	 PFSize: 	 9 	 HypVol: 	 0.72606875 	 IGD: 	 0.39683915 	 GD: 	 0.08027778 	 MaxSpread: 	 0.24500000 	 DomOptimalPoints: 	 0 	1111111111111111111111111111111111111111111111111111111111111111111111111111111111111111111111111111111111111111111111111111111111111111111111111111111111111111111111111111111111110110000000000000000000000000000000000000000000000000000000000000000000000000000000000000000000000000000000000000000000000000000000000000000000000000000000000000000000000000000000000000000000000000000000000000000000000000	725	1554258021
0.222500	1.000000	29255832	510	29255832	0.505000 	 PFSize: 	 4 	 HypVol: 	 0.93645000 	 IGD: 	 0.60227556 	 GD: 	 0.55875000 	 MaxSpread: 	 0.19250000 	 DomOptimalPoints: 	 0 	1111111111111111111111111111111111111111111111111111111111111111111111111111101011101101111111011101110101001001010101011100000101001011111111010000101011111001001011101100010100101010111111010101111001100101100110111000100010010011010100011111011110000111100000111100001100011111011101100111101010100000000000000000000000000000000000000000000000000000000000000000000000000000000000000000000000000000	510	1554258064
0.500000	1.000000	16707561	888	26388091	0.360000 	 PFSize: 	 67 	 HypVol: 	 0.62826875 	 IGD: 	 0.25231920 	 GD: 	 0.00291045 	 MaxSpread: 	 0.59500000 	 DomOptimalPoints: 	 0 	1111111111111111111111111111111111111111111111111111111111111111111111111111111111111111111111111111111111111111111111111111111111111111111111110000000000000000000000000000000000000000000000000000000000000000000000000000000000000000000000000000000000000000000000000000000000000000000000000000000000000000000000000000000000000000000000000000000000000000000000000000000000000000000000000000000000000000	1283	1554258080
0.500000	1.000000	18510940	224	27574690	0.467500 	 PFSize: 	 50 	 HypVol: 	 0.68224375 	 IGD: 	 0.36508728 	 GD: 	 0.00020000 	 MaxSpread: 	 0.29500000 	 DomOptimalPoints: 	 0 	1111111111111111111111111111111111111111111111111111111111111111111111111111111111111111111111111111111111111111111111111111111111111111111111111111111111111111111111111111111111111111111000000000000000000000000000000000000000000000000000000000000000000000000000000000000000000000000000000000000000000000000000000000000000000000000000000000000000000000000000000000000000000000000000000000000000000000	321	1554258161
0.500000	1.000000	5432823	130	40502893	0.442500 	 PFSize: 	 340 	 HypVol: 	 0.50801875 	 IGD: 	 0.00551122 	 GD: 	 0.00133088 	 MaxSpread: 	 1.95000000 	 DomOptimalPoints: 	 0 	1111111111111111111111111111111111111111111111111111111111111111111111111111111111111111111111111111111111111111111111111111111111111111111111111111111111111111111111111111111110000000000000000000000000000000000000000000000000000000000000000000000000000000000000000000000000000000000000000000000000000000000000000000000000000000000000000000000000000000000000000000000000000000000000000000000000000000	1190	1554258221
0.500000	1.000000	18227193	230	26960420	0.440000 	 PFSize: 	 39 	 HypVol: 	 0.69209375 	 IGD: 	 0.38455112 	 GD: 	 0.00044872 	 MaxSpread: 	 0.25000000 	 DomOptimalPoints: 	 0 	1111111111111111111111111111111111111111111111111111111111111111111111111111111111111111111111111111111111111111111111111111111111111111111111111111111111111111111111111111111100000000000000000000000000000000000000000000000000000000000000000000000000000000000000000000000000000000000000000000000000000000000000000000000000000000000000000000000000000000000000000000000000000000000000000000000000000000	326	1554258248
0.496250	1.000000	27275555	378	27275555	0.472500 	 PFSize: 	 5 	 HypVol: 	 0.74826250 	 IGD: 	 0.47647756 	 GD: 	 0.02500000 	 MaxSpread: 	 0.05250000 	 DomOptimalPoints: 	 0 	1111111111111111111111111111111111111111111111111111111111111111111111111111111111111111111111111111111111111111111111111111111111111111111111111111111111111111111111111111111111111111111100100000000000000000000000000000000000000000000000000000000000000000000000000000000000000000000000000000000000000000000000000000000000000000000000000000000000000000000000000000000000000000000000000000000000000000	378	1554258263
0.500000	1.000000	13477704	265	25005204	0.402500 	 PFSize: 	 100 	 HypVol: 	 0.59755000 	 IGD: 	 0.18829800 	 GD: 	 0.00160000 	 MaxSpread: 	 0.80000000 	 DomOptimalPoints: 	 0 	1111111111111111111111111111111111111111111111111111111111111111111111111111111111111111111111111111111111111111111111111111111111111111111111111111111111111111100000000000000000000000000000000000000000000000000000000000000000000000000000000000000000000000000000000000000000000000000000000000000000000000000000000000000000000000000000000000000000000000000000000000000000000000000000000000000000000000	566	1554258297
0.275000	1.000000	19437386	419	28268198	0.430000 	 PFSize: 	 12 	 HypVol: 	 0.84678750 	 IGD: 	 0.44406484 	 GD: 	 0.34958333 	 MaxSpread: 	 0.39500000 	 DomOptimalPoints: 	 0 	1111111111111111111111111111111111111111111111111111111111111111111111111111111111110000011000001100111111000000000101100011100101001110110111000111000001100000101000101010100111000101111110010101111110101011011001110010111011100010100111100011100111000000100011110000000000000000000000000000000000000000000000000000000000000000000000000000000000000000000000000000000000000000000000000000000000000000	530	1554258334
0.362500	1.000000	22910172	994	25254718	0.482500 	 PFSize: 	 5 	 HypVol: 	 0.85971875 	 IGD: 	 0.44613466 	 GD: 	 0.40250000 	 MaxSpread: 	 0.47000000 	 DomOptimalPoints: 	 0 	1111111111111111111111111111111111111111111111111111111111111111111111111111111111111111111111111111111111111111111111111111111111111110001000011000011001110101100111001111011111100001000100100110110011001111110110010110010100111000100001111111100000000000000000000000000000000000000000000000000000000000000000000000000000000000000000000000000000000000000000000000000000000000000000000000000000000000	1052	1554258488
0.500000	1.000000	26292425	359	26292425	0.485000 	 PFSize: 	 52 	 HypVol: 	 0.69285000 	 IGD: 	 0.38659601 	 GD: 	 0.00000000 	 MaxSpread: 	 0.25500000 	 DomOptimalPoints: 	 0 	1111111111111111111111111111111111111111111111111111111111111111111111111111111111111111111111111111111111111111111111111111111111111111111111111111111111111111111111111111111111111111111111111100000000000000000000000000000000000000000000000000000000000000000000000000000000000000000000000000000000000000000000000000000000000000000000000000000000000000000000000000000000000000000000000000000000000000	359	1554258495
0.496250	1.000000	18442948	226	25950732	0.477500 	 PFSize: 	 48 	 HypVol: 	 0.69390625 	 IGD: 	 0.38280549 	 GD: 	 0.00026042 	 MaxSpread: 	 0.25750000 	 DomOptimalPoints: 	 0 	1111111111111111111111111111111111111111111111111111111111111111111111111111111111111111111111111111111111111111111111111111111111111111111111111111111111111111111111111111111111111111111111001000000000000000000000000000000000000000000000000000000000000000000000000000000000000000000000000000000000000000000000000000000000000000000000000000000000000000000000000000000000000000000000000000000000000000	313	1554258579
0.386250	1.000000	27149299	341	27149299	0.395000 	 PFSize: 	 9 	 HypVol: 	 0.81043750 	 IGD: 	 0.43563591 	 GD: 	 0.21361111 	 MaxSpread: 	 0.23750000 	 DomOptimalPoints: 	 0 	1111111111111111111111111111111111111111111111111111111111111111111111111111111111111111111111111111111111111111100111110101001010100100100011110010111000001010000110101011100111001011101001101011010001010000000000000000000000000000000000000000000000000000000000000000000000000000000000000000000000000000000000000000000000000000000000000000000000000000000000000000000000000000000000000000000000000000	341	1554258593
0.500000	1.000000	8276215	377	42528731	0.382500 	 PFSize: 	 126 	 HypVol: 	 0.58966250 	 IGD: 	 0.17450748 	 GD: 	 0.00186508 	 MaxSpread: 	 0.83500000 	 DomOptimalPoints: 	 0 	1111111111111111111111111111111111111111111111111111111111111111111111111111111111111111111111111111111111111111111111111111111111111111111111111111111110000000000000000000000000000000000000000000000000000000000000000000000000000000000000000000000000000000000000000000000000000000000000000000000000000000000000000000000000000000000000000000000000000000000000000000000000000000000000000000000000000000	1460	1554258653
0.382500	1.000000	26945760	350	26945760	0.465000 	 PFSize: 	 4 	 HypVol: 	 0.83160625 	 IGD: 	 0.48278055 	 GD: 	 0.22500000 	 MaxSpread: 	 0.11250000 	 DomOptimalPoints: 	 0 	1111111111111111111111111111111111111111111111111111111111111111111111111111111111111111111111111111111111111111111111111111111111111111101000101000100011000010010111111010100100010011111111010001111101111101001101100001010111000110000000000000000000000000000000000000000000000000000000000000000000000000000000000000000000000000000000000000000000000000000000000000000000000000000000000000000000000000	350	1554258753
0.500000	1.000000	15070295	280	25042425	0.385000 	 PFSize: 	 92 	 HypVol: 	 0.62798125 	 IGD: 	 0.22357855 	 GD: 	 0.00312500 	 MaxSpread: 	 0.70250000 	 DomOptimalPoints: 	 0 	1111111111111111111111111111111111111111111111111111111111111111111111111111111111111111111111111111111111111111111111111111111111111111111111111111111111000000000000000000000000000000000000000000000000000000000000000000000000000000000000000000000000000000000000000000000000000000000000000000000000000000000000000000000000000000000000000000000000000000000000000000000000000000000000000000000000000000	457	1554258792
0.383750	1.000000	26781450	1026	26781450	0.432500 	 PFSize: 	 8 	 HypVol: 	 0.81130000 	 IGD: 	 0.42364090 	 GD: 	 0.19843750 	 MaxSpread: 	 0.26500000 	 DomOptimalPoints: 	 0 	1111111111111111111111111111111111111111111111111111111111111111111111111111111111111111111111111111111111111111111010101110111111110111110111111110101101011101001000001111010011101010101011100110110110010001000000000000000000000000000000000000000000000000000000000000000000000000000000000000000000000000000000000000000000000000000000000000000000000000000000000000000000000000000000000000000000000000	1026	1554258859
0.500000	1.000000	6843426	217	29713124	0.387500 	 PFSize: 	 97 	 HypVol: 	 0.62198125 	 IGD: 	 0.24209476 	 GD: 	 0.00131443 	 MaxSpread: 	 0.64000000 	 DomOptimalPoints: 	 0 	1111111111111111111111111111111111111111111111111111111111111111111111111111111111111111111111111111111111111111111111111111111111111111111111111111111111100000000000000000000000000000000000000000000000000000000000000000000000000000000000000000000000000000000000000000000000000000000000000000000000000000000000000000000000000000000000000000000000000000000000000000000000000000000000000000000000000000	897	1554258888
0.453750	1.000000	27336571	674	27336571	0.497500 	 PFSize: 	 4 	 HypVol: 	 0.76105000 	 IGD: 	 0.46391521 	 GD: 	 0.07625000 	 MaxSpread: 	 0.08750000 	 DomOptimalPoints: 	 0 	1111111111111111111111111111111111111111111111111111111111111111111111111111111111111111111111111111111111111111111111111111111111111111111111111111111111111111111111111111111111111101010010000100100001011100010111111010000000000000000000000000000000000000000000000000000000000000000000000000000000000000000000000000000000000000000000000000000000000000000000000000000000000000000000000000000000000000	674	1554258898
0.500000	1.000000	6212229	195	41758914	0.447500 	 PFSize: 	 253 	 HypVol: 	 0.52788750 	 IGD: 	 0.04320449 	 GD: 	 0.00259881 	 MaxSpread: 	 1.61500000 	 DomOptimalPoints: 	 0 	1111111111111111111111111111111111111111111111111111111111111111111111111111111111111111111111111111111111111111111111111111111111111111111111111111111111111111111111111111111111100000000000000000000000000000000000000000000000000000000000000000000000000000000000000000000000000000000000000000000000000000000000000000000000000000000000000000000000000000000000000000000000000000000000000000000000000000	1436	1554258912
0.500000	1.000000	17295310	271	26861575	0.342500 	 PFSize: 	 61 	 HypVol: 	 0.62392500 	 IGD: 	 0.23765586 	 GD: 	 0.00606557 	 MaxSpread: 	 0.64500000 	 DomOptimalPoints: 	 0 	1111111111111111111111111111111111111111111111111111111111111111111111111111111111111111111111111111111111111111111111111111111111111111100000000000000000000000000000000000000000000000000000000000000000000000000000000000000000000000000000000000000000000000000000000000000000000000000000000000000000000000000000000000000000000000000000000000000000000000000000000000000000000000000000000000000000000000	423	1554258942
0.426250	1.000000	27456810	337	27456810	0.457500 	 PFSize: 	 4 	 HypVol: 	 0.79865000 	 IGD: 	 0.46305486 	 GD: 	 0.16000000 	 MaxSpread: 	 0.12250000 	 DomOptimalPoints: 	 0 	1111111111111111111111111111111111111111111111111111111111111111111111111111111111111111111111111111111111111111111111111111111111111111111111111111111110101010100100101001100110101001111110011011011100110000001100000000000000000000000000000000000000000000000000000000000000000000000000000000000000000000000000000000000000000000000000000000000000000000000000000000000000000000000000000000000000000000	337	1554259036
0.477500	1.000000	19417011	411	26252910	0.487500 	 PFSize: 	 12 	 HypVol: 	 0.73146250 	 IGD: 	 0.38030549 	 GD: 	 0.05458333 	 MaxSpread: 	 0.29000000 	 DomOptimalPoints: 	 0 	1111111111111111111111111111111111111111111111111111111111111111111111111111111111111111111111111111111111111111111111111111111111111111111111111111111111111111111111111111111111111111110110011111100000010000000000000000000000000000000000000000000000000000000000000000000000000000000000000000000000000000000000000000000000000000000000000000000000000000000000000000000000000000000000000000000000000000	522	1554259106
0.455000	1.000000	27744431	332	27744431	0.410000 	 PFSize: 	 16 	 HypVol: 	 0.70538750 	 IGD: 	 0.34741272 	 GD: 	 0.03765625 	 MaxSpread: 	 0.36250000 	 DomOptimalPoints: 	 0 	1111111111111111111111111111111111111111111111111111111111111111111111111111111111111111111111111111111111111111111111111111111111111111111111110001010110100111011111101000101110010000000000000000000000000000000000000000000000000000000000000000000000000000000000000000000000000000000000000000000000000000000000000000000000000000000000000000000000000000000000000000000000000000000000000000000000000000	332	1554259209
0.500000	1.000000	17300666	303	26604280	0.355000 	 PFSize: 	 47 	 HypVol: 	 0.63128125 	 IGD: 	 0.25197007 	 GD: 	 0.01037234 	 MaxSpread: 	 0.60250000 	 DomOptimalPoints: 	 0 	1111111111111111111111111111111111111111111111111111111111111111111111111111111111111111111111111111111111111111111111111111111111111111111111000000000000000000000000000000000000000000000000000000000000000000000000000000000000000000000000000000000000000000000000000000000000000000000000000000000000000000000000000000000000000000000000000000000000000000000000000000000000000000000000000000000000000000	439	1554259254
0.200000	1.000000	19954865	466	26959010	0.500000 	 PFSize: 	 5 	 HypVol: 	 0.94699375 	 IGD: 	 0.61690773 	 GD: 	 0.62950000 	 MaxSpread: 	 0.31000000 	 DomOptimalPoints: 	 0 	1111111111111111111111111111111111111111111111111111111111111111111111111101010110000111101011010000110101100001101100110111011101100110010011001000100000001011111100001110011010001001100011110000111110111001001010110000010101101101010101110010110110110101110011011111010000000111111111010001100011001110010111011100000000000000000000000000000000000000000000000000000000000000000000000000000000000000	544	1554259367
0.481250	1.000000	29171602	794	29171602	0.307500 	 PFSize: 	 39 	 HypVol: 	 0.64207500 	 IGD: 	 0.19567332 	 GD: 	 0.06493590 	 MaxSpread: 	 0.86750000 	 DomOptimalPoints: 	 0 	1111111111111111111111111111111111111111111111111111111111111111111111111111111111111111111111111111111111111111010101011111111000000000000000000000000000000000000000000000000000000000000000000000000000000000000000000000000000000000000000000000000000000000000000000000000000000000000000000000000000000000000000000000000000000000000000000000000000000000000000000000000000000000000000000000000000000000	794	1554259383
0.500000	1.000000	15331029	582	25064040	0.372500 	 PFSize: 	 80 	 HypVol: 	 0.62335625 	 IGD: 	 0.24342269 	 GD: 	 0.00303125 	 MaxSpread: 	 0.61500000 	 DomOptimalPoints: 	 0 	1111111111111111111111111111111111111111111111111111111111111111111111111111111111111111111111111111111111111111111111111111111111111111111111111111100000000000000000000000000000000000000000000000000000000000000000000000000000000000000000000000000000000000000000000000000000000000000000000000000000000000000000000000000000000000000000000000000000000000000000000000000000000000000000000000000000000000	782	1554259389
0.500000	1.000000	26535083	527	26535083	0.430000 	 PFSize: 	 31 	 HypVol: 	 0.71261875 	 IGD: 	 0.42625935 	 GD: 	 0.00000000 	 MaxSpread: 	 0.16000000 	 DomOptimalPoints: 	 0 	1111111111111111111111111111111111111111111111111111111111111111111111111111111111111111111111111111111111111111111111111111111111111111111111111111111111111111111111111111000000000000000000000000000000000000000000000000000000000000000000000000000000000000000000000000000000000000000000000000000000000000000000000000000000000000000000000000000000000000000000000000000000000000000000000000000000000000	527	1554259413
0.346250	1.000000	23606422	964	26178430	0.485000 	 PFSize: 	 10 	 HypVol: 	 0.86946875 	 IGD: 	 0.45358479 	 GD: 	 0.42800000 	 MaxSpread: 	 0.40750000 	 DomOptimalPoints: 	 0 	1111111111111111111111111111111111111111111111111111111111111111111111111111111111111111111111111111111111111111111111111111111111111111110000000110011011111010001110100001100110111110101111110000110000100100101000100111110000001110001001111000111000101000000010000000000000000000000000000000000000000000000000000000000000000000000000000000000000000000000000000000000000000000000000000000000000000000	1000	1554259542
0.500000	1.000000	13982735	203	25027896	0.352500 	 PFSize: 	 87 	 HypVol: 	 0.60106875 	 IGD: 	 0.14473192 	 GD: 	 0.01804598 	 MaxSpread: 	 1.13000000 	 DomOptimalPoints: 	 0 	1111111111111111111111111111111111111111111111111111111111111111111111111111111111111111111111111111111111111111111111111111111111111111111110000000000000000000000000000000000000000000000000000000000000000000000000000000000000000000000000000000000000000000000000000000000000000000000000000000000000000000000000000000000000000000000000000000000000000000000000000000000000000000000000000000000000000000	415	1554259548
0.500000	1.000000	22556710	347	32351361	0.457500 	 PFSize: 	 45 	 HypVol: 	 0.67363125 	 IGD: 	 0.30566708 	 GD: 	 0.00783333 	 MaxSpread: 	 0.68750000 	 DomOptimalPoints: 	 0 	1111111111111111111111111111111111111111111111111111111111111111111111111111111111111111111111111111111111111111111111111111111111111111111111111111111111111111111111111111111111111110000000000000000000000000000000000000000000000000000000000000000000000000000000000000000000000000000000000000000000000000000000000000000000000000000000000000000000000000000000000000000000000000000000000000000000000000	523	1554259575
0.500000	1.000000	6483682	127	42074988	0.352500 	 PFSize: 	 243 	 HypVol: 	 0.53215000 	 IGD: 	 0.05491895 	 GD: 	 0.00213992 	 MaxSpread: 	 1.48500000 	 DomOptimalPoints: 	 0 	1111111111111111111111111111111111111111111111111111111111111111111111111111111111111111111111111111111111111111111111111111111111111111111110000000000000000000000000000000000000000000000000000000000000000000000000000000000000000000000000000000000000000000000000000000000000000000000000000000000000000000000000000000000000000000000000000000000000000000000000000000000000000000000000000000000000000000	811	1554259632
0.347500	1.000000	25849944	566	25849944	0.462500 	 PFSize: 	 6 	 HypVol: 	 0.85390000 	 IGD: 	 0.46029302 	 GD: 	 0.31750000 	 MaxSpread: 	 0.29750000 	 DomOptimalPoints: 	 0 	1111111111111111111111111111111111111111111111111111111111111111111111111111111111111111111111111111111111111111111111111111011011110100011111101011010100101000000110010101100011001011101011001101001001000101010100001000110001001111111001100101110000000000000000000000000000000000000000000000000000000000000000000000000000000000000000000000000000000000000000000000000000000000000000000000000000000000	566	1554259699
0.500000	1.000000	32317348	579	32317348	0.277500 	 PFSize: 	 29 	 HypVol: 	 0.60353750 	 IGD: 	 0.17811097 	 GD: 	 0.04275862 	 MaxSpread: 	 0.88000000 	 DomOptimalPoints: 	 0 	1111111111111111111111111111111111111111111111111111111111111111111111111111111111111111111111111111111111111110000000000000000000000000000000000000000000000000000000000000000000000000000000000000000000000000000000000000000000000000000000000000000000000000000000000000000000000000000000000000000000000000000000000000000000000000000000000000000000000000000000000000000000000000000000000000000000000000	580	1554259743
0.475000	1.000000	25018534	417	25018534	0.420000 	 PFSize: 	 23 	 HypVol: 	 0.69011250 	 IGD: 	 0.32976309 	 GD: 	 0.06434783 	 MaxSpread: 	 0.40750000 	 DomOptimalPoints: 	 0 	1111111111111111111111111111111111111111111111111111111111111111111111111111111111111111111111111111111111111111111111111111111111111111111111111111111111111011010010101101011010000000000000000000000000000000000000000000000000000000000000000000000000000000000000000000000000000000000000000000000000000000000000000000000000000000000000000000000000000000000000000000000000000000000000000000000000000000	417	1554259789
0.395000	1.000000	27565282	317	27565282	0.405000 	 PFSize: 	 12 	 HypVol: 	 0.76797500 	 IGD: 	 0.39020574 	 GD: 	 0.15854167 	 MaxSpread: 	 0.30750000 	 DomOptimalPoints: 	 0 	1111111111111111111111111111111111111111111111111111111111111111111111111111111111111111111111111111111111111111111111111011011011111001010101011000000100110001111011001010101010100101001110101000101000011000000000000000000000000000000000000000000000000000000000000000000000000000000000000000000000000000000000000000000000000000000000000000000000000000000000000000000000000000000000000000000000000000	317	1554259893
